131,136
37,40
33,35
81,87
125,137
0,4
44,51
2,4
10,12
6,8
52,64
32,39
41,48
209,211
29,33
21,28
85,87
109,116
31,37
107,113
249,255
19,21
51,59
114,119
77,84
127,134
248,263
7,9
8,16
119,125
7,9
0,7
376,381
31,33
44,46
33,54
30,37
31,37
0,2
10,12
28,43
2,5
177,183
99,105
98,104
14,16
6,12
134,144
17,19
59,65
48,51
5,8
99,106
29,33
5,11
89,91
87,89
39,44
60,66
62,68
36,43
44,46
314,329
17,19
145,147
59,64
18,20
27,31
0,2
80,82
21,28
59,61
14,16
2,5
2,6
60,67
2,4
16,18
72,74
79,90
122,126
5,7
14,16
24,30
51,58
7,9
88,106
209,212
0,13
22,29
34,36
74,78
199,201
8,10
186,193
59,62
51,53
28,29
71,77
85,92
0,1
151,157
26,34
70,75
21,41
12,14
0,6
113,125
55,57
56,63
37,39
160,167
120,127
235,244
97,105
20,22
64,69
43,45
33,39
48,50
95,100
4,6
34,39
54,60
310,316
11,14
10,17
64,69
7,9
7,9
51,59
19,26
30,35
6,8
303,314
18,23
172,178
45,47
5,7
34,36
219,224
91,99
6,8
53,59
230,236
0,2
118,121
13,18
14,19
51,58
41,48
5,7
68,74
8,17
323,326
51,62
54,61
70,82
7,13
246,252
126,137
14,21
89,95
37,39
23,25
66,73
24,30
159,174
7,19
67,74
56,62
132,137
33,35
84,91
39,46
5,7
46,48
6,8
142,148
20,23
51,58
15,17
221,227
52,59
117,123
155,165
126,131
81,88
19,21
17,20
29,34
0,6
120,126
98,104
74,80
8,10
64,66
225,231
102,113
24,28
0,5
239,246
195,202
24,26
10,12
0,6
6,12
202,208
0,8
32,34
43,48
33,35
10,17
67,75
317,322
21,31
149,156
231,237
39,44
21,23
168,178
12,14
12,14
21,23
206,212
74,79
118,123
11,17
69,76
67,74
49,52
10,17
152,159
2,7
177,185
221,223
267,278
7,9
33,38
72,74
16,18
131,133
180,184
53,55
154,156
10,16
6,8
95,97
18,24
39,41
19,27
22,33
71,76
39,46
31,33
7,12
49,51
196,198
8,10
160,165
25,29
17,19
51,59
99,101
46,48
121,126
140,146
19,24
59,61
52,58
6,8
21,23
4,10
17,19
26,33
17,23
180,185
41,43
120,126
52,57
8,10
88,90
62,64
107,112
15,22
7,9
47,54
63,69
24,31
147,149
257,259
152,163
31,37
53,55
35,37
21,23
127,132
123,129
49,55
182,187
34,36
200,206
5,16
12,15
134,139
100,106
24,29
323,326
271,277
10,12
87,94
348,353
8,14
11,13
38,43
23,25
7,9
30,32
71,76
394,409
10,17
67,74
80,89
283,289
13,20
26,31
196,200
6,8
5,9
19,21
8,13
143,149
6,8
9,11
104,112
8,13
52,60
134,141
91,93
51,57
34,36
44,47
28,30
76,82
15,22
100,105
53,59
154,165
10,12
117,120
16,31
0,6
80,91
0,6
8,10
59,61
92,98
10,12
95,97
16,21
16,18
6,8
0,2
100,102
0,5
9,15
7,9
132,136
116,118
135,137
59,61
7,11
36,38
72,78
184,186
2,9
67,71
0,5
88,90
51,53
25,27
32,34
65,67
132,139
195,210
62,68
6,11
13,15
58,60
23,25
16,18
35,37
63,70
23,25
71,73
54,61
35,40
0,7
0,6
0,7
90,94
2,6
6,8
43,45
212,222
5,7
26,28
265,275
126,132
0,7
182,193
13,15
83,85
344,346
77,82
36,38
45,50
7,10
147,153
30,32
30,36
95,102
24,31
6,8
34,39
5,9
10,12
18,23
0,2
0,3
38,40
0,11
0,12
78,81
109,115
0,3
0,2
76,78
120,132
53,64
140,146
112,119
19,25
0,2
8,10
113,123
61,68
7,9
93,95
30,32
74,80
0,2
4,9
55,57
98,100
133,140
142,144
178,189
52,56
73,75
10,17
109,113
19,21
48,55
6,8
13,15
100,102
130,138
19,21
90,96
70,76
0,12
83,90
69,75
133,139
109,113
30,32
7,15
28,30
47,54
8,10
63,65
185,190
27,33
15,22
6,8
196,203
8,10
190,201
21,27
12,26
0,2
17,19
5,16
35,37
47,49
112,118
56,64
12,14
87,89
18,20
223,231
115,126
10,16
27,29
27,35
18,25
71,81
47,49
209,211
81,88
7,9
56,66
6,8
117,124
64,66
118,129
135,142
51,53
64,70
102,109
10,14
6,8
18,24
15,21
23,30
60,68
44,51
48,50
351,357
19,21
24,32
7,9
198,208
39,45
120,123
22,33
7,19
62,64
10,12
52,59
62,69
123,129
15,17
116,122
55,57
42,49
0,2
55,59
60,67
0,2
0,6
8,10
368,373
53,55
22,24
27,29
15,17
283,286
57,64
6,8
29,34
30,41
67,69
36,38
58,64
42,45
144,151
77,88
85,87
23,28
7,13
0,6
8,10
151,158
93,99
2,7
79,81
27,34
45,47
265,270
118,124
8,10
57,65
56,64
9,12
87,89
146,152
6,8
8,10
183,185
55,62
17,23
108,111
18,25
90,98
56,58
28,33
36,38
9,11
28,31
7,11
39,42
6,8
232,239
121,123
67,74
14,16
53,58
6,8
0,3
23,29
49,51
130,132
212,218
143,145
37,39
34,41
20,23
243,249
35,42
82,84
8,10
59,69
8,15
16,18
106,112
0,3
32,34
2,9
21,23
0,5
40,42
46,51
92,97
57,63
14,16
9,15
25,28
9,11
134,136
38,45
2,7
74,76
72,79
18,20
28,30
98,106
14,16
205,212
34,36
8,10
26,28
30,41
6,8
86,88
173,176
55,62
4,10
0,7
36,38
20,22
141,145
41,48
85,92
6,14
6,8
13,19
9,15
104,111
55,58
7,10
46,53
27,30
33,39
258,263
44,51
49,51
6,8
186,192
66,77
57,68
11,18
367,374
66,73
100,106
109,112
52,58
79,85
25,27
28,33
124,131
14,16
10,12
12,18
66,68
7,9
83,93
19,21
82,90
110,120
26,33
0,3
116,118
0,3
66,72
18,20
105,107
202,205
86,88
84,90
57,59
67,72
67,69
13,27
247,254
259,263
2,7
217,224
51,58
71,73
38,40
20,25
28,33
53,55
8,19
129,140
11,13
137,144
95,106
171,177
46,48
5,7
391,396
63,68
7,10
6,8
37,42
7,9
96,101
0,2
136,143
62,64
34,36
15,21
10,21
52,55
44,46
141,145
79,86
141,148
65,67
6,12
8,17
41,48
21,27
14,16
41,43
203,205
8,10
375,377
200,204
8,10
59,61
29,31
6,8
12,19
120,125
0,3
68,74
56,58
86,91
185,191
72,86
0,3
155,160
88,92
7,9
24,26
6,8
13,15
35,37
2,6
20,22
12,14
26,32
112,116
22,24
98,116
30,37
0,9
8,10
14,16
35,41
71,74
15,17
31,33
47,54
6,8
196,199
33,35
12,14
36,39
213,219
43,48
50,52
84,98
31,43
24,27
5,8
14,16
20,27
31,33
63,72
180,187
52,58
7,13
19,24
12,15
8,10
53,57
78,85
8,10
3,11
33,35
8,10
3,5
114,118
156,163
28,32
150,152
6,8
37,39
98,100
10,16
24,26
44,46
11,17
12,14
6,8
45,52
48,54
7,13
7,9
48,53
32,34
11,23
78,85
77,82
152,157
21,23
45,47
10,14
88,91
33,43
232,239
48,52
85,93
5,7
77,84
7,11
6,8
31,38
169,176
6,8
64,70
2,4
7,16
45,52
0,5
161,172
164,171
72,82
52,54
35,42
108,114
116,124
32,34
19,21
50,52
67,69
44,46
28,31
7,9
7,9
57,59
20,23
34,39
21,23
6,8
13,34
23,27
419,425
5,14
35,42
7,13
6,8
10,12
26,32
150,160
0,7
12,14
9,11
80,82
6,8
26,28
0,3
117,119
101,108
45,50
13,15
18,21
208,214
101,108
14,16
8,14
310,317
97,103
37,42
132,138
88,90
146,155
70,78
5,10
99,106
25,27
4,19
8,10
160,167
34,41
59,66
80,87
11,22
48,50
35,47
60,71
48,50
6,8
56,63
58,65
17,22
364,370
17,21
117,123
164,167
58,65
34,36
163,169
8,10
37,41
59,64
14,16
34,43
52,57
41,49
8,14
68,70
8,10
8,14
0,6
95,97
160,162
76,82
199,206
89,96
146,157
21,23
92,94
22,24
7,9
45,47
2,4
7,9
11,17
17,19
81,88
383,387
317,332
8,12
22,29
70,72
8,10
83,91
10,12
5,7
195,197
104,110
20,25
34,36
2,4
17,19
31,37
25,30
103,110
0,6
75,81
10,12
65,72
94,100
13,18
95,100
5,7
190,195
72,79
128,135
7,12
41,43
12,14
8,10
60,62
8,14
68,73
0,3
95,97
17,19
0,2
115,117
8,10
88,94
61,67
8,10
211,222
30,32
17,24
87,94
56,61
18,20
141,148
94,100
16,21
229,231
9,11
6,8
155,157
7,11
59,61
174,176
59,66
12,14
59,61
0,3
39,41
29,31
59,65
8,10
147,149
41,43
39,45
131,136
17,22
27,29
59,65
25,27
19,21
5,11
58,61
54,56
10,12
21,25
10,12
10,12
16,18
13,15
6,8
0,9
23,25
55,69
171,176
6,8
218,220
124,131
6,8
6,8
78,82
59,65
63,65
9,12
50,57
12,27
126,128
82,93
77,89
68,74
28,30
24,26
263,269
121,128
10,12
7,10
16,18
34,36
23,29
68,75
152,158
210,214
66,68
7,9
85,87
8,10
8,10
42,44
60,66
76,85
30,32
7,9
14,24
72,78
33,40
59,70
0,5
7,9
62,68
79,86
2,5
46,50
43,45
17,25
73,81
229,236
154,156
14,16
114,121
34,39
159,161
29,33
13,15
249,256
66,76
7,10
34,36
78,83
182,189
118,120
20,27
58,60
146,158
166,176
90,92
6,12
71,80
34,36
8,10
9,15
6,8
147,154
27,29
18,20
155,162
41,47
11,13
206,213
22,26
8,10
303,308
36,38
29,31
124,131
27,29
4,6
7,13
163,165
37,39
0,6
62,69
17,19
13,15
32,36
6,8
45,47
59,61
71,78
62,64
78,80
0,3
96,104
232,239
22,24
20,22
45,50
19,21
36,41
79,84
10,17
10,13
21,27
11,18
11,17
11,13
134,139
61,63
175,181
19,21
33,35
49,51
41,48
63,70
246,256
8,10
12,14
32,39
39,46
104,111
37,39
19,21
77,82
156,161
11,13
106,108
24,26
65,67
10,12
11,21
26,34
15,21
21,27
17,26
13,20
81,83
66,73
202,204
13,19
27,29
36,43
8,12
36,38
129,136
13,15
33,48
30,37
15,21
31,38
27,30
21,23
0,14
162,168
42,48
26,28
13,19
66,73
22,24
108,114
280,286
8,10
6,8
84,89
18,20
173,180
26,32
12,19
83,85
137,142
8,10
6,9
32,38
42,48
0,6
0,2
8,10
112,118
68,82
40,42
38,43
20,25
16,23
86,98
52,54
5,9
5,8
69,71
10,12
54,60
0,9
8,10
152,163
47,49
10,12
82,89
112,121
6,12
111,117
4,16
11,13
224,231
51,58
136,143
120,126
0,7
0,3
123,130
94,100
45,47
72,79
2,5
40,46
62,64
28,36
8,10
61,71
2,5
70,75
60,66
0,5
51,58
46,53
169,172
19,21
6,13
74,77
0,3
23,29
61,66
127,129
87,93
139,150
56,63
8,15
9,14
188,193
0,2
109,114
130,139
11,18
182,191
11,16
80,82
70,72
7,9
9,14
103,109
55,60
28,30
94,101
51,53
8,10
184,194
38,46
156,166
2,5
7,9
3,5
210,218
7,9
197,199
7,13
19,26
11,16
64,70
36,38
12,19
2,10
42,48
6,8
47,53
7,12
144,150
0,6
48,55
6,8
100,102
65,72
29,31
41,50
85,91
39,41
7,9
7,9
63,69
16,23
36,43
38,40
172,178
8,15
76,86
2,5
134,139
172,174
8,10
65,67
7,12
117,124
6,8
11,16
33,37
50,57
16,18
16,22
11,13
38,49
47,58
12,14
71,73
22,29
72,80
93,95
194,197
80,82
31,38
69,76
23,25
207,212
90,96
12,19
65,72
125,134
65,67
20,25
239,246
20,22
53,60
7,14
13,15
189,191
5,17
35,50
47,49
41,43
2,5
7,14
0,11
79,86
190,206
0,2
135,142
62,64
20,26
5,7
63,67
50,52
6,8
0,2
45,47
42,49
82,94
32,34
239,255
91,93
38,40
7,12
136,143
38,43
7,9
29,31
223,230
143,146
98,106
134,136
38,45
4,10
103,109
142,147
25,29
2,5
44,46
135,137
249,265
21,23
7,9
112,118
17,22
77,79
68,75
6,8
197,208
4,10
12,14
12,14
5,10
31,37
243,249
68,70
8,10
15,17
67,78
5,7
8,14
48,50
21,28
58,60
93,95
8,10
32,38
38,40
12,14
189,196
88,91
38,44
372,376
198,200
136,143
218,220
132,135
42,49
63,68
9,11
104,111
32,34
6,8
126,132
96,103
97,109
209,211
40,42
15,20
87,92
261,268
112,121
145,152
12,14
9,13
32,40
0,3
33,39
15,17
137,141
0,7
12,19
173,179
139,141
108,114
35,40
7,9
12,14
22,24
73,76
2,7
17,23
138,143
24,31
43,45
2,9
6,8
130,138
89,91
19,21
135,142
5,16
8,10
32,38
218,226
8,10
276,278
24,30
86,98
15,17
76,78
50,55
64,69
127,129
23,30
189,200
14,16
44,46
2,4
11,15
67,76
34,37
40,47
31,45
54,61
0,4
45,52
183,190
7,9
65,70
280,287
49,55
26,28
119,127
48,52
6,8
171,178
109,116
44,51
96,99
9,15
42,49
118,126
101,107
8,10
176,182
2,9
10,12
90,101
91,93
5,10
245,252
33,39
25,27
10,15
49,59
26,28
141,149
25,28
201,208
71,73
13,19
186,191
101,108
51,53
27,37
154,156
20,28
6,8
62,64
23,29
20,22
100,105
32,36
147,152
122,129
101,103
53,68
250,252
172,174
7,15
31,36
14,18
14,20
6,21
2,5
115,117
34,36
47,55
11,18
112,118
26,31
20,22
103,111
174,178
102,108
199,206
2,6
51,58
49,56
7,10
5,7
69,77
132,134
106,113
12,14
0,7
7,9
279,286
0,7
63,65
118,124
71,77
62,69
331,336
31,33
20,28
24,26
46,56
6,8
87,93
116,121
46,51
22,27
101,107
8,10
10,15
73,79
25,33
63,65
40,42
196,202
39,43
31,33
5,14
6,8
18,21
13,15
17,19
0,4
35,37
56,61
62,69
129,136
44,51
53,56
6,8
92,99
104,109
80,85
54,56
12,16
104,106
38,40
7,9
10,12
11,17
8,23
26,28
276,282
48,50
28,34
49,55
41,44
14,16
46,48
196,207
18,20
14,16
2,4
28,30
57,64
12,16
131,138
37,39
19,25
181,189
57,64
74,81
33,38
77,82
76,82
8,10
56,58
59,66
90,97
48,50
133,137
2,7
24,26
159,164
6,8
19,26
38,41
16,18
18,20
315,321
0,3
27,29
198,204
14,16
103,111
23,43
69,71
2,13
64,75
11,13
191,197
236,240
6,8
175,181
0,15
98,100
35,41
30,36
89,94
32,34
2,8
17,22
41,48
2,10
8,10
37,51
110,113
133,140
21,23
105,107
6,8
59,61
135,139
138,145
55,57
46,48
8,10
12,14
82,87
8,10
41,43
79,83
33,35
3,5
43,45
0,3
95,101
49,55
5,7
82,92
2,9
14,16
115,129
0,7
26,33
39,41
59,65
17,19
23,30
38,40
48,50
39,45
15,18
20,27
48,55
54,56
19,21
0,6
147,149
19,24
6,8
103,110
15,17
64,69
172,174
117,126
80,90
0,2
106,117
186,188
13,25
23,25
3,5
157,164
12,26
15,24
214,217
38,40
11,14
17,20
176,182
15,24
267,274
156,163
12,14
50,55
32,39
7,14
0,12
6,8
165,176
19,25
71,78
27,29
152,157
59,65
105,112
0,7
45,52
2,4
110,113
11,15
17,19
27,29
21,28
13,20
26,32
70,72
99,111
200,208
126,132
10,13
132,139
18,20
54,57
51,53
7,12
82,84
233,239
113,118
35,42
8,15
6,8
107,111
314,329
21,26
28,35
2,6
154,165
12,14
189,196
6,8
79,87
0,3
8,10
75,83
32,45
8,10
13,15
14,21
19,21
224,230
2,4
23,28
109,115
87,89
116,118
11,13
107,118
19,21
54,56
23,25
44,46
19,25
25,27
8,10
12,18
20,26
21,26
68,75
147,150
102,109
55,61
60,67
6,8
74,81
79,83
8,10
255,265
8,15
257,261
48,51
32,38
3,5
69,77
99,109
12,14
23,25
21,28
25,33
89,97
276,278
178,183
99,102
11,13
42,44
75,77
51,63
128,134
199,205
8,15
20,22
123,130
159,161
0,5
59,61
176,178
17,19
266,276
212,216
13,15
138,140
0,6
18,21
68,74
87,89
8,10
21,23
121,127
74,81
67,73
27,32
7,9
8,10
8,10
14,19
169,189
23,25
15,17
5,7
59,66
6,8
0,6
19,25
2,14
131,133
9,11
80,87
30,37
56,58
195,203
239,249
279,287
44,46
13,24
31,33
6,8
105,116
53,55
34,49
204,206
0,6
82,87
188,191
88,95
34,41
90,97
74,83
116,123
33,38
178,182
0,5
89,96
8,10
17,20
95,101
44,50
19,21
8,11
33,36
0,3
50,52
337,344
12,14
34,40
243,252
23,25
67,69
21,23
42,49
47,53
2,4
2,5
12,14
35,42
7,9
82,85
23,26
57,64
86,88
146,152
71,79
10,12
0,2
46,53
45,47
66,70
92,98
111,114
2,4
6,12
6,8
177,181
10,12
9,21
187,194
6,8
71,77
40,42
20,26
10,12
72,74
7,13
18,20
155,161
25,27
226,232
7,9
81,83
162,168
106,108
49,54
13,28
130,134
13,15
18,25
74,80
17,19
65,71
0,6
4,6
231,238
15,21
15,20
74,76
73,85
75,80
108,115
62,64
12,14
35,38
7,9
10,12
20,22
12,15
6,8
178,185
21,27
23,29
149,155
73,79
37,39
44,50
25,31
29,31
133,135
0,7
6,8
107,116
0,4
43,47
137,140
5,8
145,150
60,62
48,58
14,16
112,119
38,40
67,74
152,154
81,85
192,203
114,120
68,74
160,167
40,47
95,102
6,8
98,105
42,44
66,74
13,15
72,74
100,106
18,25
20,25
56,58
91,98
94,101
12,19
113,120
39,41
6,8
45,47
49,71
28,30
210,218
0,3
14,16
20,22
5,10
63,65
43,50
15,28
5,7
26,31
63,65
28,33
6,8
67,69
87,93
50,56
22,24
6,8
25,27
117,121
33,35
2,4
189,204
11,16
37,45
0,5
63,65
84,91
13,18
21,26
124,131
89,96
199,206
13,24
0,6
16,18
63,69
6,8
253,255
74,81
13,15
56,61
26,29
292,303
37,39
0,5
13,17
6,8
0,6
2,4
20,22
0,5
27,32
28,30
27,29
121,131
57,64
266,272
177,180
45,52
0,7
15,25
12,14
79,81
19,21
8,10
60,71
2,5
153,160
54,59
12,19
93,100
25,31
89,93
12,14
4,9
0,11
96,99
95,102
86,97
28,30
24,26
78,80
8,10
74,81
2,4
32,39
22,24
42,46
33,35
7,14
22,24
97,112
98,102
41,52
56,63
42,47
8,11
19,24
53,60
148,154
34,36
79,81
202,204
69,76
17,20
377,391
14,16
210,216
61,63
120,122
203,210
4,6
10,12
69,71
22,27
8,10
8,10
206,212
65,72
8,11
79,90
6,12
15,21
26,28
14,16
67,69
169,175
22,28
100,106
4,10
19,26
53,57
18,24
23,25
13,15
161,167
37,42
64,69
13,24
114,120
61,69
0,7
115,121
6,12
145,152
6,8
56,58
252,256
45,47
103,108
245,251
83,98
16,21
36,38
43,49
27,32
28,30
13,27
104,109
9,11
8,10
21,25
51,53
211,214
17,25
65,76
7,9
6,20
6,13
11,13
103,106
13,16
11,16
26,28
0,6
5,7
24,26
72,77
7,9
15,21
114,116
11,13
117,121
69,71
42,44
225,232
42,44
6,8
71,73
7,9
10,12
70,75
72,74
3,5
44,46
158,165
54,59
9,15
203,211
118,125
189,195
70,72
6,8
213,220
198,202
32,34
35,40
19,21
15,17
74,76
30,36
210,217
96,102
47,54
46,48
11,13
173,183
23,28
6,8
35,40
12,14
32,38
7,9
53,60
99,106
212,214
44,51
68,75
201,209
8,15
84,90
30,37
8,10
34,35
176,183
25,31
13,15
86,92
149,154
8,14
26,32
97,102
22,27
41,47
6,8
11,13
12,19
20,22
33,41
101,105
7,9
105,112
62,74
17,19
20,26
465,473
29,41
33,39
0,2
48,50
333,335
20,22
0,12
69,71
96,103
91,102
7,12
111,118
12,17
53,56
4,19
184,188
9,12
115,117
37,39
227,230
125,132
9,11
107,111
96,103
116,131
6,8
36,43
29,31
32,36
152,158
180,191
200,203
71,78
24,31
95,102
170,188
13,15
7,9
26,30
30,35
104,119
29,31
36,38
223,229
46,57
6,12
0,2
70,72
12,14
106,113
48,53
117,129
33,40
59,73
11,18
107,111
53,55
7,9
125,132
37,39
0,3
144,146
12,17
25,30
88,95
277,283
5,7
61,67
53,57
115,121
13,19
23,25
13,15
73,79
10,14
0,5
118,120
0,4
7,9
173,176
12,19
9,11
13,15
5,16
89,95
47,49
0,6
10,12
64,69
63,70
8,10
103,115
43,45
215,222
29,31
14,20
29,33
63,70
79,87
0,3
0,7
81,88
80,89
0,8
2,8
19,21
11,18
76,78
7,14
31,34
50,52
6,8
66,68
133,143
35,42
0,2
50,56
162,171
134,140
61,64
6,12
97,105
30,32
8,10
15,17
2,8
10,12
50,57
0,6
12,14
133,141
8,11
34,41
28,33
18,20
13,15
9,15
0,6
177,184
6,8
223,230
7,12
6,8
19,25
8,10
37,39
9,24
0,3
118,120
40,42
8,10
28,33
8,14
74,76
63,68
28,35
79,86
5,7
14,21
37,41
159,165
19,24
12,24
209,213
19,25
17,19
29,31
50,62
210,218
82,89
3,9
0,3
186,187
20,29
132,134
50,57
42,44
7,9
183,187
0,4
111,117
38,53
19,25
57,64
83,89
331,339
26,28
14,18
13,19
5,7
172,174
12,16
68,73
213,219
126,129
53,57
276,282
59,65
17,23
42,50
24,26
110,112
37,39
8,10
91,98
63,71
256,263
11,22
60,74
189,191
16,18
158,164
26,31
17,19
2,7
7,22
6,8
28,30
42,44
12,19
0,6
32,35
35,50
0,20
40,42
320,327
415,422
52,58
33,35
294,301
62,64
16,18
80,86
0,6
312,314
152,158
221,227
6,8
24,26
0,3
89,91
23,25
15,22
14,24
20,22
9,15
5,11
50,52
251,257
80,85
0,2
5,12
18,23
15,16
6,10
120,126
152,154
148,150
57,64
92,98
4,8
25,31
50,56
130,132
6,8
71,73
0,3
21,23
7,9
50,55
42,44
34,36
0,12
32,34
0,4
182,185
7,19
39,41
6,17
82,88
27,29
23,31
6,12
93,95
2,11
26,33
19,21
126,128
65,70
89,96
103,114
64,71
169,171
38,44
127,133
107,114
16,18
194,202
47,51
0,11
40,47
60,68
16,18
6,8
55,65
8,23
61,63
115,122
97,104
52,54
15,17
73,75
28,30
63,68
103,114
4,6
179,181
181,186
133,138
38,53
170,176
35,37
47,49
120,126
101,107
13,15
0,5
7,12
423,430
95,100
28,40
110,112
152,154
36,41
0,5
5,10
13,19
61,63
98,102
92,97
0,3
59,61
19,21
3,5
254,256
52,54
202,204
168,175
6,8
93,100
419,426
74,76
214,220
70,75
44,47
21,23
252,254
164,169
33,35
91,100
6,8
9,14
113,115
10,12
105,116
74,80
12,19
189,200
182,184
76,78
24,26
12,19
8,12
7,9
131,137
125,136
40,47
10,12
52,53
89,97
164,166
33,35
143,149
22,28
19,21
35,40
122,128
72,75
136,143
93,95
6,8
13,15
277,283
53,58
22,24
32,34
71,78
375,377
191,197
60,67
14,24
192,194
72,74
32,34
107,115
80,82
224,230
62,66
52,60
28,29
150,157
38,45
64,66
245,247
41,48
152,158
42,46
10,12
33,38
45,52
59,61
243,249
49,54
8,10
112,118
195,201
62,64
49,55
137,143
71,78
79,81
6,8
106,113
92,94
408,414
8,10
186,192
0,6
42,44
71,73
215,217
7,17
74,81
13,20
267,274
6,8
7,15
10,17
100,102
45,51
7,9
250,252
26,30
6,8
97,105
0,4
9,14
122,129
10,13
10,15
107,111
30,32
7,9
24,26
0,8
8,15
51,59
0,10
8,10
77,79
30,36
14,16
15,24
0,6
36,43
86,98
0,14
148,155
7,11
34,46
13,15
9,12
74,76
2,7
54,60
217,224
29,31
160,165
7,13
6,8
6,8
147,150
56,58
33,35
36,38
34,41
0,5
54,58
17,19
152,154
36,43
34,36
2,4
71,78
90,97
49,55
41,44
25,30
9,21
14,20
339,346
10,13
200,205
92,99
44,51
7,12
55,62
15,21
77,81
10,12
33,41
41,44
36,41
6,8
47,49
28,30
27,32
155,163
61,66
7,9
121,129
6,8
6,8
27,34
23,28
76,85
188,190
129,136
0,13
0,7
10,12
51,53
140,146
135,141
136,143
270,277
7,9
0,6
58,64
47,52
20,25
238,243
87,92
165,176
98,104
5,7
164,171
79,90
92,97
39,41
43,45
12,17
129,136
30,35
18,24
54,56
95,101
25,30
0,8
0,7
19,21
51,53
10,16
237,244
48,55
84,90
148,150
8,11
19,30
10,17
8,14
14,20
52,59
5,11
98,102
18,26
35,37
107,109
17,19
13,15
4,6
224,231
50,52
83,89
72,74
17,22
81,84
53,55
137,141
22,28
136,141
0,3
30,36
185,192
78,81
14,19
16,24
34,36
152,158
13,15
0,2
5,11
88,96
90,94
95,102
127,134
59,61
11,17
6,8
16,18
9,12
6,8
33,35
190,202
5,7
12,14
39,41
10,12
12,18
7,12
41,48
15,21
252,259
17,26
0,6
16,22
68,76
48,53
6,11
24,30
53,55
18,21
0,5
224,231
2,8
18,20
130,132
0,6
181,187
210,218
384,390
30,37
51,59
62,68
239,246
106,113
6,8
152,154
33,38
20,22
52,59
10,21
0,2
29,37
4,9
166,181
144,146
56,58
210,216
82,89
63,68
7,13
18,25
13,20
267,273
27,34
83,90
29,31
19,21
186,188
38,54
12,15
7,9
60,63
45,48
323,326
167,173
62,68
89,96
2,13
70,75
61,67
0,5
7,9
33,41
9,14
6,11
65,67
143,149
343,346
54,60
68,72
118,120
90,101
0,2
29,31
38,53
75,77
52,54
80,82
94,99
27,35
10,13
204,207
17,19
44,51
183,189
5,7
49,51
0,6
103,108
303,308
40,47
46,48
87,93
5,9
17,19
120,126
106,110
13,15
12,18
90,95
282,299
75,83
32,34
15,23
143,149
14,21
7,10
108,115
89,95
9,11
90,97
348,353
25,27
171,177
0,3
93,98
34,37
10,25
58,60
27,30
0,7
6,12
28,30
4,10
23,25
20,22
50,56
27,32
333,335
156,163
30,35
197,199
45,48
15,17
64,69
23,27
147,149
105,112
196,202
6,8
174,176
136,142
8,10
5,11
8,11
241,246
33,39
200,209
153,159
71,73
62,68
73,80
226,232
41,48
13,15
189,196
16,18
6,8
31,34
158,160
134,140
65,72
121,127
44,51
25,31
0,6
40,47
48,53
88,90
118,125
135,137
112,114
205,212
239,249
67,73
90,100
48,52
15,17
8,10
185,191
9,15
8,14
64,69
161,165
6,8
63,65
170,172
5,7
394,409
0,6
73,80
0,6
101,110
70,73
3,11
11,26
33,40
50,52
132,138
16,28
69,77
26,28
80,83
0,2
45,47
65,70
174,176
237,243
229,232
77,89
2,8
46,61
0,4
6,8
66,73
82,89
2,5
53,59
74,81
13,17
13,15
80,91
14,16
7,9
65,71
53,59
267,272
239,249
13,18
66,68
186,192
208,214
21,23
78,85
79,85
16,18
310,317
116,120
67,74
117,124
45,48
0,5
20,23
0,11
36,43
34,36
98,105
11,26
7,13
7,9
18,20
80,87
32,34
12,14
183,187
124,135
12,14
59,61
264,266
179,185
5,9
37,43
41,47
145,147
21,25
19,24
155,162
0,11
16,21
86,88
2,8
8,10
10,13
29,31
200,217
141,148
41,43
7,9
136,143
21,23
6,8
64,66
7,9
18,20
39,46
0,12
19,26
225,232
0,5
19,25
56,63
109,119
207,224
53,56
17,20
101,108
6,8
308,323
12,14
21,23
16,18
31,41
58,60
30,32
42,44
11,17
84,91
64,66
6,8
9,14
30,36
121,126
131,146
219,230
20,22
0,11
3,8
6,13
64,70
8,10
17,20
60,62
18,23
9,15
66,72
0,3
103,106
85,87
6,8
61,63
41,48
12,14
59,65
38,43
19,29
221,223
136,142
52,57
90,98
34,36
38,40
2,4
14,29
15,17
323,326
27,34
32,38
8,10
344,351
5,7
211,222
24,30
7,9
171,177
270,276
24,26
15,22
57,64
26,28
98,100
132,139
6,8
159,161
51,66
12,15
156,166
29,37
6,8
109,115
8,10
214,221
8,10
141,143
66,73
77,89
96,100
14,21
54,56
0,6
13,15
98,106
0,6
8,10
213,219
51,56
6,12
62,68
226,233
66,72
59,65
74,80
12,14
2,5
319,326
137,144
37,39
6,8
247,258
90,98
44,50
10,12
13,19
23,28
40,47
32,34
34,41
150,157
134,139
20,26
5,7
24,26
77,82
10,12
11,14
0,7
17,22
2,4
5,17
37,39
217,224
17,23
75,82
37,41
272,274
147,152
10,15
99,106
8,10
0,7
262,268
75,82
28,43
11,13
89,93
84,91
14,16
184,186
13,15
30,36
6,8
6,21
28,32
112,117
61,71
44,46
21,26
108,115
0,3
20,22
189,200
41,43
35,40
63,65
291,306
139,143
50,56
298,310
6,8
37,40
0,3
44,56
89,96
24,26
52,54
0,7
197,203
21,26
31,37
22,24
308,312
63,69
34,40
7,9
146,158
291,297
71,78
60,66
17,28
25,27
57,65
157,168
11,14
415,422
35,45
57,70
0,6
28,33
95,110
104,112
82,86
164,166
124,131
184,191
8,10
144,150
156,160
47,54
38,40
23,29
37,45
59,61
96,102
30,37
69,77
15,29
173,181
5,16
7,12
60,67
62,64
18,25
33,38
0,7
143,154
119,124
61,71
47,52
53,60
183,190
309,317
27,29
29,34
63,65
102,110
21,23
73,84
16,18
0,2
38,48
31,36
10,13
70,72
42,44
35,47
138,143
92,96
96,99
210,214
278,285
71,73
6,13
75,81
11,17
6,8
40,46
26,32
30,36
36,43
10,21
58,64
6,8
24,28
0,6
16,21
11,14
36,43
6,8
38,40
97,108
12,17
131,133
4,9
19,21
133,135
32,38
56,61
95,100
67,69
40,47
103,111
51,66
10,16
28,30
29,31
17,19
8,10
169,180
10,12
93,100
0,3
8,10
67,71
119,125
68,70
0,2
57,62
39,41
63,69
188,190
17,24
36,41
215,219
29,31
27,29
0,7
6,8
232,239
0,6
72,77
59,61
69,77
45,52
124,131
3,18
39,48
145,147
36,42
41,43
66,68
320,328
8,10
124,131
77,87
10,12
214,220
128,134
18,20
21,23
46,52
23,25
114,120
70,72
163,168
103,106
90,100
8,10
53,60
0,7
6,8
49,56
13,15
9,14
24,26
5,16
188,203
303,308
16,27
88,93
266,272
48,54
12,19
57,64
2,4
121,127
100,105
80,85
64,69
8,14
2,5
26,28
31,37
59,64
66,73
31,37
69,75
15,17
6,13
41,43
10,18
49,56
0,3
8,10
38,43
128,134
154,159
225,232
33,37
114,125
32,34
63,66
37,43
83,90
336,341
7,9
60,68
13,15
162,166
90,97
0,6
11,17
13,24
81,87
52,55
249,256
23,30
6,8
15,17
38,43
74,76
87,89
83,85
11,13
31,37
18,21
78,83
118,120
52,54
7,9
4,10
32,34
8,10
168,178
72,75
32,39
23,25
0,7
24,26
60,62
91,98
78,80
38,49
2,6
6,8
41,43
383,390
10,15
124,131
2,5
92,98
8,14
2,5
8,10
25,27
34,36
163,171
6,8
8,10
6,8
34,36
97,103
13,18
8,14
17,23
93,101
6,8
148,155
109,111
232,239
17,23
8,10
95,97
67,71
15,17
71,73
8,23
13,15
35,42
0,2
8,10
368,373
36,38
12,14
5,8
126,132
134,142
15,24
77,79
46,55
141,149
103,110
8,14
18,24
0,6
63,65
48,55
6,8
64,72
134,139
25,31
49,56
93,100
75,83
72,74
50,57
172,178
145,152
0,2
12,18
18,20
26,32
0,2
13,19
294,301
3,5
39,46
63,65
18,24
152,157
58,60
46,48
7,14
41,43
47,49
6,8
19,27
20,30
194,200
171,178
0,7
6,8
331,336
155,157
2,5
137,140
46,48
8,10
134,139
37,43
78,84
90,101
99,103
213,220
8,14
66,77
50,57
31,33
39,46
84,91
28,29
4,6
182,184
179,181
40,53
41,49
30,41
0,6
24,26
33,40
108,112
33,38
0,9
32,38
0,5
41,48
14,20
63,72
6,8
47,55
9,11
64,69
154,160
7,9
37,39
46,48
32,34
90,98
222,229
5,7
10,15
181,191
6,8
375,377
26,28
6,8
27,29
196,200
6,8
10,17
114,116
23,25
99,106
8,10
0,5
104,111
172,179
95,102
82,85
2,9
7,12
200,203
11,13
8,10
134,140
171,178
73,75
20,25
0,2
59,62
8,11
12,17
112,119
27,35
12,18
8,10
135,142
56,58
27,29
225,232
125,131
107,113
35,38
28,38
116,123
35,40
33,39
15,17
47,49
16,22
269,274
56,63
0,5
0,3
77,82
100,102
181,188
107,111
118,128
93,100
231,238
51,58
2,7
28,35
71,77
21,26
39,43
34,36
14,16
9,14
8,23
7,12
243,249
161,166
80,87
5,7
136,139
10,19
17,19
24,31
8,10
54,56
0,11
183,185
6,8
114,118
6,8
60,66
99,105
8,10
63,68
8,14
29,31
0,7
197,202
39,41
29,34
46,53
123,128
7,9
204,210
138,145
178,189
4,20
13,18
18,24
3,5
43,49
44,46
9,13
8,10
203,210
153,159
7,19
22,29
247,255
19,30
93,100
253,259
20,27
26,28
7,9
7,9
0,1
3,10
23,25
7,9
131,137
58,60
0,6
49,51
8,10
105,112
101,103
18,20
186,193
41,45
70,77
0,2
87,89
39,41
49,56
0,3
6,8
160,162
32,34
0,3
22,24
261,263
12,14
243,249
5,10
15,17
66,68
20,23
92,101
30,37
238,246
17,19
172,178
18,28
50,52
13,15
64,71
6,8
63,69
6,10
21,23
18,23
378,385
8,10
79,87
120,123
2,4
211,222
36,38
48,50
12,14
100,102
12,21
231,237
49,55
105,114
95,97
4,9
6,8
80,91
14,19
33,40
152,154
12,19
9,11
33,35
285,291
11,14
79,81
76,86
6,7
218,220
0,2
7,9
8,11
65,67
70,72
39,45
151,156
103,105
47,51
18,20
17,24
0,7
184,188
80,86
180,187
11,15
17,24
10,12
12,18
14,19
13,28
127,138
13,21
189,196
7,9
27,29
243,249
166,168
6,8
28,30
0,7
219,226
24,30
285,293
74,79
51,59
23,25
5,7
34,36
39,41
78,85
3,5
93,100
33,41
6,8
219,225
13,18
95,101
0,7
57,68
75,83
219,225
17,24
100,106
10,25
71,76
203,210
136,151
8,14
107,116
144,151
8,14
76,86
87,89
2,7
142,148
77,84
8,10
303,308
184,190
12,17
8,14
71,76
87,98
6,8
13,16
155,162
74,81
0,3
0,8
156,166
148,150
8,10
133,135
79,90
8,10
16,18
48,51
209,211
171,177
159,167
14,16
6,8
43,45
8,10
36,38
13,15
19,21
55,57
205,216
79,87
41,43
32,34
24,26
372,376
5,7
51,55
28,30
7,13
85,92
172,174
102,106
0,3
6,8
45,47
8,10
62,64
53,60
6,8
173,180
18,20
169,176
37,41
66,68
167,175
109,113
41,52
7,9
55,61
44,49
13,15
159,165
53,57
10,12
22,29
20,26
34,46
91,93
26,30
10,12
40,42
87,93
162,165
0,2
9,16
13,15
189,200
0,6
67,69
39,41
170,173
91,93
53,60
46,54
8,10
111,114
48,55
20,22
8,14
57,59
10,17
26,32
52,54
116,122
93,95
6,8
2,4
103,115
0,5
6,8
13,20
2,8
196,201
89,97
0,5
84,86
224,230
27,29
24,26
0,4
6,8
2,7
28,30
6,8
164,178
74,76
118,125
13,18
213,220
152,154
77,85
18,25
4,11
94,98
209,213
125,132
66,73
23,30
9,15
2,5
6,8
136,140
9,11
21,23
87,89
10,12
80,89
8,13
45,47
62,68
98,100
54,61
99,105
29,35
54,60
41,43
51,53
5,10
174,176
0,7
6,8
63,69
15,21
64,69
2,4
71,77
41,43
15,24
96,102
82,88
119,127
7,9
71,76
255,265
18,20
8,10
173,180
0,7
157,164
35,37
9,14
2,7
16,18
56,60
12,14
106,113
8,10
10,12
70,82
13,19
112,114
70,75
5,16
73,80
59,61
5,7
31,33
26,31
0,6
8,10
0,2
148,150
227,232
117,119
13,20
35,42
93,95
79,83
143,145
154,156
43,51
27,29
51,59
8,21
0,3
134,139
29,35
7,9
15,17
20,26
12,14
72,79
33,35
13,15
74,76
55,57
8,10
86,98
17,23
15,20
106,113
194,196
16,22
100,105
33,40
209,216
28,30
11,13
104,109
35,37
7,13
88,90
12,14
40,47
224,231
13,15
7,13
6,8
11,17
15,17
22,24
190,206
6,18
6,8
103,111
4,11
258,265
19,26
5,12
23,25
26,28
111,126
7,10
23,25
32,39
18,20
48,53
54,60
81,88
38,53
32,37
40,42
106,108
17,32
26,28
58,60
288,294
107,114
62,68
38,40
8,10
9,21
2,5
49,55
0,2
164,170
250,256
218,220
133,143
19,24
6,8
14,20
39,46
48,51
18,23
6,8
59,61
13,19
13,15
63,65
7,10
6,11
8,10
60,66
56,58
57,65
83,89
28,36
125,137
26,32
74,85
12,14
36,38
36,43
69,77
47,53
6,13
118,124
52,58
72,78
95,102
0,2
8,10
171,178
50,52
10,16
0,3
105,107
99,101
63,68
91,98
0,2
54,57
13,19
32,38
17,19
16,18
15,17
65,67
18,20
295,310
28,32
6,12
13,15
116,118
11,17
87,93
68,74
48,54
71,73
99,106
124,135
27,29
60,66
173,188
150,154
15,24
98,107
97,100
13,15
7,9
6,8
4,10
24,29
7,13
21,23
20,22
17,19
28,29
25,29
10,12
152,158
138,140
313,320
6,8
14,16
0,5
72,79
0,6
0,8
73,81
0,11
134,139
15,16
75,82
170,179
59,61
148,154
10,12
83,85
192,203
21,26
19,27
424,435
53,58
17,19
35,47
7,19
56,61
0,2
123,130
67,69
8,10
101,106
74,81
0,6
115,117
124,131
0,4
12,14
136,143
146,157
21,23
51,59
17,22
140,147
276,278
62,68
14,16
95,102
61,63
85,87
83,91
2,7
39,43
26,28
20,25
8,10
174,176
0,7
41,47
224,231
73,80
12,14
67,73
114,119
131,137
279,286
138,143
80,82
11,13
8,10
22,24
62,64
14,18
0,3
12,14
32,39
13,15
81,88
45,49
30,35
24,26
246,251
22,27
7,9
307,311
30,37
89,96
17,27
125,132
218,220
119,126
0,4
213,219
24,31
22,24
310,317
144,149
5,7
11,18
129,135
29,31
11,14
161,163
14,16
138,140
20,22
206,212
171,178
316,323
64,71
7,13
5,7
15,17
60,74
51,53
47,49
209,211
282,286
25,27
2,5
115,126
6,8
69,77
184,190
34,40
31,37
26,31
53,58
71,73
43,51
67,74
26,28
54,61
15,20
95,101
62,66
47,54
57,64
136,141
6,8
96,99
205,216
5,12
90,101
136,144
45,52
109,115
30,37
54,60
34,35
15,18
0,8
144,150
62,68
40,47
32,38
33,38
42,44
44,46
18,26
8,10
112,119
162,167
8,10
77,79
76,84
103,111
91,93
34,36
6,13
36,38
210,219
30,32
33,35
35,37
0,5
133,135
34,45
8,10
8,10
123,125
110,112
54,59
264,275
80,82
118,124
33,38
16,21
46,50
24,26
94,99
213,219
24,29
89,91
7,9
26,37
24,26
37,39
37,39
5,7
34,36
0,2
17,19
2,4
133,144
111,118
2,5
178,184
39,46
80,89
0,6
9,14
62,64
3,5
0,12
9,14
7,10
6,8
95,101
162,166
16,28
199,206
8,14
29,31
67,69
239,254
112,119
173,179
31,38
276,281
48,52
11,17
62,72
110,120
126,131
18,22
205,212
21,28
3,10
12,14
169,180
63,65
24,30
14,16
60,67
20,27
97,112
21,23
6,8
138,144
54,66
0,6
54,56
30,32
40,42
37,44
15,17
54,61
51,57
10,12
66,68
236,243
66,68
155,160
15,22
51,53
80,86
2,6
70,72
0,2
79,81
86,88
160,167
2,6
113,119
68,74
151,157
8,14
32,38
92,97
125,134
27,29
6,11
8,10
2,4
122,127
134,141
11,18
147,154
86,90
12,14
28,39
12,19
118,120
218,224
30,35
46,50
82,97
90,97
79,90
105,107
17,19
200,203
10,17
276,282
8,11
13,15
21,28
67,69
44,46
67,69
11,18
10,14
28,33
48,50
213,220
5,7
98,104
28,33
137,148
0,2
128,139
5,7
67,69
53,60
54,60
206,213
54,62
148,155
62,64
10,13
7,9
59,65
129,134
141,148
77,79
227,234
61,63
57,64
0,6
13,15
37,39
387,393
12,14
21,23
77,84
2,5
3,11
12,16
0,3
124,131
84,90
228,233
99,111
228,234
9,12
5,7
62,68
0,3
331,336
15,17
19,21
0,7
9,17
6,8
22,29
57,63
6,8
102,109
0,15
16,21
152,158
104,110
6,11
6,8
8,15
25,27
48,51
71,73
6,8
34,36
127,129
44,49
45,47
0,4
12,17
63,69
77,82
88,95
3,5
85,92
8,10
6,8
46,52
7,9
6,13
75,78
6,8
99,106
152,157
6,8
88,94
175,181
20,25
186,188
54,65
59,66
7,12
5,22
11,13
104,111
31,33
2,10
2,4
168,180
18,20
7,12
55,61
22,24
15,16
18,20
6,8
92,94
66,72
16,28
211,222
94,101
6,8
310,317
7,9
16,18
12,27
101,107
80,85
74,81
81,83
6,8
107,111
159,166
57,59
126,137
47,53
9,11
63,65
29,31
158,164
63,68
109,116
0,3
0,3
24,31
119,126
107,112
0,7
71,79
0,2
14,19
20,22
134,140
319,325
6,8
74,76
0,6
339,346
117,119
347,358
20,25
19,24
41,47
10,15
82,85
133,136
46,54
20,25
0,7
133,135
34,36
32,34
16,18
104,109
3,9
7,9
0,3
5,7
127,134
0,7
70,77
7,14
107,111
17,19
8,10
107,111
99,105
224,231
49,56
84,91
115,122
12,14
2,4
8,10
23,25
55,62
8,10
106,113
6,13
68,75
0,7
160,169
16,21
7,13
0,6
72,78
2,4
4,14
51,53
79,85
76,86
15,17
113,123
61,72
89,94
4,9
275,279
48,50
10,21
180,182
34,40
255,265
23,25
46,48
310,316
0,7
51,58
143,149
16,18
123,129
45,52
2,5
7,14
89,97
86,90
7,9
65,67
44,49
10,12
206,213
51,53
20,28
6,12
217,222
99,101
99,105
23,25
58,65
60,66
36,41
17,24
34,36
0,6
8,10
51,59
331,338
33,35
60,66
23,25
6,8
173,176
87,89
39,45
0,7
20,35
40,47
13,28
2,9
59,61
57,64
45,49
6,8
53,60
6,8
28,36
118,123
39,41
72,79
10,12
9,14
6,8
8,16
8,10
12,15
69,77
0,11
110,112
11,16
4,9
8,14
50,57
4,9
53,56
121,126
17,23
153,160
71,73
4,10
116,124
103,111
40,42
214,221
2,4
1,7
10,12
186,188
7,9
162,167
102,109
55,57
9,11
101,108
43,50
52,54
0,3
14,19
13,15
102,109
30,35
39,41
32,34
12,15
10,12
423,430
393,408
37,44
41,43
0,6
15,17
207,212
32,40
16,18
5,7
20,26
18,21
29,34
195,201
53,65
64,70
17,20
96,103
195,197
73,80
0,4
10,12
94,101
40,47
61,69
105,111
188,195
209,211
0,4
54,61
31,36
151,166
37,39
106,108
69,76
130,137
96,103
55,66
41,48
29,31
2,4
6,9
13,24
109,111
7,9
110,112
154,156
107,114
72,79
178,189
72,80
0,7
9,11
41,43
26,31
28,30
81,83
62,64
5,12
7,9
383,387
56,63
8,10
13,15
4,9
16,18
58,64
181,194
10,12
103,108
204,214
85,87
51,59
60,66
7,10
83,89
0,6
55,60
231,238
101,106
88,90
23,25
34,36
151,157
162,168
103,110
0,3
83,91
9,13
106,112
96,101
14,20
6,8
71,73
10,13
7,9
6,12
159,165
0,3
9,15
12,14
0,5
0,2
102,104
25,30
47,49
0,6
8,13
0,1
19,31
108,115
38,40
7,10
43,45
28,35
0,13
50,55
54,56
18,24
146,153
54,61
125,131
6,8
7,13
10,12
18,20
74,81
23,29
255,262
141,145
141,143
13,18
85,92
6,12
186,191
61,67
7,9
79,86
8,14
101,104
10,12
63,70
95,98
11,16
77,84
140,145
7,14
80,82
80,87
10,12
87,94
33,36
17,23
62,64
75,78
210,215
74,78
35,42
35,41
53,60
28,30
30,37
121,126
21,23
15,17
11,13
0,6
64,71
58,60
14,16
85,90
50,56
108,115
16,18
10,12
276,284
12,14
77,89
22,33
96,108
15,21
43,45
0,5
0,9
14,16
39,41
189,191
22,27
16,18
7,9
7,9
54,59
19,27
72,77
390,397
41,43
73,78
16,18
77,82
24,26
27,29
32,34
112,122
14,22
17,23
129,136
28,35
95,102
190,194
27,29
5,7
188,193
7,11
16,21
93,104
10,12
54,56
16,19
159,161
7,13
3,5
5,7
27,29
330,335
64,71
39,41
17,25
18,20
12,14
102,108
0,7
132,138
11,13
30,32
34,36
207,222
12,14
80,86
2,8
83,87
74,76
0,2
11,13
40,47
106,113
6,12
123,130
19,26
8,10
209,211
9,11
44,52
71,73
72,78
312,319
75,83
22,30
17,19
91,93
26,28
0,2
36,38
0,5
48,55
69,71
152,154
71,78
31,38
378,389
7,9
117,124
130,132
70,72
58,64
0,6
56,58
20,22
45,56
68,70
136,143
25,27
48,50
55,61
31,33
37,49
11,17
0,2
46,51
34,40
138,145
8,10
65,71
9,14
2,4
53,60
0,2
127,129
19,24
96,98
7,9
6,8
188,194
123,129
13,15
133,138
21,23
96,101
15,23
24,26
173,179
25,27
73,79
0,6
0,6
209,215
178,185
189,193
102,104
91,98
12,14
56,58
3,5
30,32
141,146
121,126
2,7
30,32
276,282
61,67
18,20
232,239
101,107
0,3
178,185
322,326
196,201
31,33
7,13
47,49
29,31
34,36
10,12
11,13
0,12
3,8
92,97
38,49
184,190
57,65
74,80
48,54
24,26
68,74
52,58
99,111
163,167
6,8
213,220
140,146
2,8
13,15
289,296
0,3
130,138
160,168
133,140
35,37
15,17
62,69
34,36
2,4
75,82
37,39
178,189
16,18
323,326
0,2
6,8
60,66
86,97
18,25
160,167
0,12
98,103
36,43
73,81
27,34
99,102
5,8
17,20
199,206
26,28
12,14
12,14
40,51
53,58
0,20
10,18
8,10
22,24
29,31
12,14
7,9
2,7
8,10
58,60
124,134
6,8
13,15
172,179
43,45
50,52
2,5
8,10
103,108
0,6
209,211
11,13
12,17
6,8
155,160
55,58
300,304
64,69
116,120
8,10
0,8
86,98
0,5
0,2
10,15
7,9
197,208
23,27
5,7
0,7
133,139
159,166
118,120
2,9
8,10
11,18
210,212
16,21
210,216
310,312
65,71
86,88
0,8
58,60
68,75
43,48
40,47
68,74
95,102
20,22
74,76
0,3
89,95
0,1
38,40
6,8
61,69
22,28
32,39
37,45
137,143
50,54
107,111
33,39
25,32
31,33
100,110
6,8
323,326
0,6
21,23
21,23
11,21
6,8
62,68
228,230
73,75
32,34
31,37
105,108
69,71
40,46
18,21
5,8
36,40
26,32
18,20
4,9
7,9
0,2
31,33
52,54
3,5
97,104
45,47
134,141
24,29
34,36
116,118
29,31
6,8
33,35
62,65
164,174
24,28
4,10
6,8
37,41
38,40
89,93
44,51
79,85
8,10
80,91
33,38
108,123
147,153
2,9
64,69
119,127
43,49
37,39
113,123
414,420
9,12
96,104
24,27
7,9
24,26
0,3
0,5
50,52
81,86
6,8
0,5
7,9
11,15
39,41
159,163
6,8
0,2
36,41
33,40
77,88
25,27
82,88
178,185
21,32
65,73
17,25
407,411
103,110
22,27
38,40
40,49
54,57
97,103
73,80
42,47
88,94
17,19
9,21
0,6
10,12
107,112
172,174
68,75
12,14
53,55
8,10
15,21
36,40
87,98
84,91
27,29
88,93
50,57
29,31
8,10
7,9
82,87
44,46
162,168
284,291
7,10
37,40
0,4
29,41
34,37
48,50
8,10
99,102
206,212
282,287
162,168
92,98
145,152
67,69
204,211
7,9
62,68
63,74
6,8
15,21
17,19
8,10
214,220
218,233
6,8
173,180
97,99
178,183
0,8
24,32
14,19
0,2
9,14
46,60
25,31
35,37
34,46
103,115
147,159
12,14
18,25
270,272
8,10
196,199
91,106
15,21
17,20
116,118
139,143
159,161
103,114
2,5
73,81
66,68
39,43
34,37
5,7
53,68
80,91
11,13
6,8
54,59
2,4
33,35
63,69
42,44
62,69
13,15
54,60
6,8
24,26
394,401
64,75
152,159
27,30
49,60
117,123
116,131
82,90
0,5
87,90
50,57
29,31
4,10
54,61
71,77
78,84
201,208
141,149
38,43
68,75
6,8
11,14
71,78
62,64
68,75
11,18
48,54
269,275
8,10
50,52
26,28
6,8
0,2
150,156
62,69
45,52
101,105
34,36
21,23
66,71
40,45
45,47
124,126
7,9
6,8
34,40
13,15
419,425
2,4
8,10
24,27
0,6
153,155
203,210
19,23
32,39
27,29
2,4
32,39
124,131
4,10
21,29
186,187
51,59
9,11
0,13
43,47
5,10
156,166
97,102
33,42
95,101
21,23
166,168
11,17
93,103
12,14
15,24
34,40
56,64
34,36
181,186
8,10
15,22
7,10
42,48
105,116
192,198
26,31
71,73
2,4
15,22
65,72
0,5
157,162
75,77
18,24
215,225
131,133
49,55
0,3
47,49
117,126
21,23
28,30
257,267
99,104
104,111
2,4
19,27
26,28
57,62
129,134
11,18
51,53
10,12
195,202
84,91
51,53
17,20
9,22
33,38
81,88
278,293
224,232
24,26
91,97
33,35
25,27
84,86
6,8
82,84
14,16
167,172
33,35
197,202
39,54
13,20
26,30
23,25
199,206
52,54
41,43
74,81
23,25
8,15
266,276
98,100
72,87
6,13
9,14
163,168
35,47
67,71
27,32
0,2
34,36
40,52
61,63
0,6
256,263
11,13
91,95
3,5
30,41
158,165
18,25
34,36
146,158
89,96
16,21
0,6
15,21
10,12
0,6
187,201
0,2
66,72
12,14
82,94
46,52
229,236
53,64
149,156
6,12
38,40
55,59
7,14
0,5
442,448
99,101
13,15
218,224
6,8
95,101
6,8
6,8
13,15
84,86
44,49
95,102
5,12
35,42
114,120
10,12
122,130
28,30
63,65
7,12
115,129
0,6
10,12
6,8
202,208
47,51
98,104
38,42
24,28
20,22
301,311
15,17
65,67
111,113
17,19
7,13
0,6
34,36
0,6
36,41
79,86
47,51
22,33
129,136
69,71
13,17
49,51
84,90
0,6
18,20
107,114
57,63
12,15
65,67
55,62
20,28
12,14
2,9
6,8
183,190
23,26
8,10
51,59
0,7
24,29
12,18
16,31
27,34
92,97
37,56
101,108
33,35
15,17
74,81
152,159
21,24
33,35
0,6
133,135
0,3
0,2
103,105
76,83
68,75
18,20
7,13
135,142
144,155
19,24
32,38
20,27
36,42
34,36
36,38
33,40
11,13
122,128
129,135
28,43
105,110
36,38
9,14
7,9
91,98
40,42
149,157
21,28
69,77
67,79
21,28
2,13
39,43
43,49
7,11
42,45
22,24
73,79
25,32
12,19
59,61
118,121
87,93
59,70
164,175
12,14
73,79
108,120
11,13
8,14
78,85
37,39
9,15
163,166
8,10
28,33
113,120
25,33
152,163
31,38
33,39
24,26
9,11
69,76
131,136
102,108
89,91
135,142
154,165
8,10
67,74
47,49
0,3
172,174
127,133
221,227
37,40
139,145
80,84
8,10
231,236
8,10
48,54
87,93
23,28
2,4
26,28
10,12
108,114
216,222
17,19
6,8
105,109
66,68
63,68
30,37
24,29
123,130
2,9
78,85
43,45
176,182
6,8
76,85
27,34
20,22
6,8
68,75
13,15
223,229
217,219
7,9
0,8
109,111
153,159
0,6
50,56
43,45
55,58
6,9
8,10
99,106
0,6
35,37
10,15
6,12
130,136
64,69
15,25
75,80
15,17
170,178
85,90
37,39
6,12
53,60
76,85
64,69
8,14
59,61
154,161
17,19
6,8
100,107
58,65
18,23
30,35
17,23
93,95
87,89
38,43
49,51
19,21
8,15
156,166
13,18
72,77
26,33
332,347
61,68
0,7
9,11
18,20
211,222
185,189
21,23
185,191
38,40
16,18
95,101
8,10
12,14
7,9
87,89
244,259
25,27
0,7
13,15
88,94
164,169
60,67
18,25
10,14
8,10
96,102
54,61
9,11
50,57
8,10
7,9
77,88
85,91
119,130
59,61
36,40
6,8
64,69
322,333
17,22
118,123
74,76
25,32
20,25
12,14
31,33
32,38
119,130
50,56
68,74
156,158
18,20
10,12
55,61
98,106
28,43
177,188
26,28
22,24
18,24
6,8
20,26
54,60
8,23
59,61
237,242
8,10
266,276
264,274
52,59
49,55
46,50
11,13
90,96
16,22
11,13
6,8
132,138
21,23
0,6
68,78
2,7
39,45
17,19
6,8
105,112
70,72
97,99
107,111
18,22
43,50
106,108
2,5
79,84
156,166
2,9
47,54
27,30
114,120
107,109
22,24
20,31
6,8
0,8
92,100
70,72
141,145
125,140
6,8
155,157
0,2
47,52
60,66
9,11
18,21
6,8
225,227
23,28
103,106
248,254
262,268
154,156
87,95
72,74
6,8
0,11
90,92
112,118
29,39
0,2
147,149
13,21
159,164
0,9
61,63
7,12
45,47
66,68
6,8
89,96
12,14
0,12
95,102
54,58
117,125
12,14
7,10
5,7
61,63
7,13
12,14
224,230
28,30
18,26
7,9
0,2
83,88
63,70
106,113
16,18
104,119
298,304
6,8
38,53
299,310
5,7
82,92
115,126
121,128
21,23
103,105
34,39
26,31
78,89
14,16
57,65
364,378
8,10
224,230
14,16
108,115
95,102
61,64
15,17
17,23
12,18
107,113
13,15
43,49
57,66
303,308
8,13
6,8
69,71
174,185
96,108
100,105
54,61
32,34
99,106
0,5
8,10
83,91
134,141
37,39
6,8
63,69
6,8
250,252
0,6
5,7
22,24
64,75
6,8
8,14
34,36
45,51
186,188
2,4
75,77
23,25
44,49
210,214
112,119
59,61
15,17
76,85
23,25
18,20
21,23
2,4
36,38
49,55
56,58
6,8
13,20
134,136
10,12
11,13
88,92
8,10
11,13
11,13
12,14
41,43
164,166
7,9
92,97
0,6
23,25
10,15
69,76
5,7
20,23
255,261
12,14
4,9
79,85
8,11
250,252
11,13
122,129
10,12
13,24
8,10
43,45
40,44
7,9
144,150
10,14
56,61
8,10
13,18
6,8
64,69
4,11
28,30
6,8
43,54
15,17
21,23
130,141
19,21
59,61
139,154
34,42
6,21
192,197
20,22
10,12
28,34
108,114
34,36
25,29
0,10
53,56
211,217
11,14
56,61
0,3
7,12
99,106
63,66
94,100
276,282
73,75
52,60
57,64
57,63
139,145
144,150
9,11
57,64
152,154
27,30
58,64
43,45
75,89
8,10
77,88
40,44
247,254
12,19
9,12
161,167
232,239
4,10
6,12
47,53
140,151
181,188
63,65
3,5
10,12
12,14
26,32
18,21
169,189
15,19
16,18
2,4
68,70
70,77
3,5
99,110
6,8
51,59
12,18
274,279
34,36
6,8
122,127
80,87
68,76
47,52
93,95
7,9
6,8
30,37
63,73
14,16
49,51
26,30
6,8
28,30
34,46
7,9
11,14
95,97
20,26
54,56
0,12
38,45
12,14
99,105
153,161
17,19
127,132
117,124
2,7
95,105
9,14
34,36
86,88
51,53
24,26
240,251
19,21
58,60
29,31
23,27
59,61
23,29
150,164
37,39
56,61
47,52
15,17
117,128
8,10
93,95
140,142
8,14
0,6
230,234
6,8
310,317
74,79
365,372
18,23
27,32
14,16
55,57
0,6
11,25
90,101
20,26
8,10
160,167
101,105
2,5
98,102
6,8
6,13
55,61
50,52
134,136
152,163
7,9
8,10
53,55
98,104
25,27
180,187
33,40
223,228
4,6
0,3
7,9
26,28
2,8
6,8
63,68
11,21
79,87
78,81
0,6
6,8
383,387
9,11
181,188
15,17
37,43
136,142
34,36
135,141
207,212
19,27
0,7
25,32
172,178
252,259
68,77
32,36
68,79
77,86
50,52
44,47
18,25
10,12
97,99
10,12
24,26
210,217
8,10
87,94
193,208
54,69
86,98
53,59
54,59
54,56
2,8
9,12
159,165
25,28
15,17
63,69
180,186
65,73
0,2
285,297
267,276
44,46
67,81
12,14
3,11
109,111
7,9
12,14
100,102
0,5
22,27
9,16
60,67
21,23
32,36
22,31
21,23
66,70
33,35
19,26
112,114
19,21
189,191
47,49
66,69
0,6
2,7
8,10
105,112
30,32
43,48
151,158
62,69
12,14
99,102
4,6
175,182
265,270
12,24
0,5
53,60
24,26
378,383
60,62
15,19
6,8
368,373
9,12
8,10
7,9
79,81
33,35
87,94
69,76
13,18
60,62
0,5
25,27
6,8
251,253
18,20
60,66
87,93
81,88
51,53
14,18
37,44
197,199
169,171
12,14
12,14
22,27
34,40
98,105
38,40
6,8
15,17
11,13
12,14
137,141
256,267
31,33
9,15
10,16
24,29
13,24
133,135
6,13
18,20
53,60
10,12
59,61
0,6
7,9
12,14
342,357
0,3
72,79
144,150
6,8
294,301
73,80
2,5
20,26
95,101
7,9
51,59
47,51
32,39
310,317
124,130
74,76
265,270
26,36
43,45
17,25
0,7
24,26
50,56
29,39
340,355
131,136
0,6
12,17
144,146
199,210
116,121
6,12
58,69
6,8
24,26
107,118
23,37
133,141
51,55
87,94
178,189
89,91
29,31
7,9
15,17
10,12
46,50
60,66
84,86
96,99
331,337
6,8
68,75
2,5
8,10
35,38
14,20
58,60
19,26
104,106
28,35
71,77
23,25
2,7
30,37
2,12
6,8
6,8
19,26
0,3
120,123
140,143
8,10
15,24
6,8
103,108
83,93
110,116
18,23
17,23
85,87
0,9
189,195
6,8
37,43
11,17
176,191
18,20
71,73
13,19
36,38
243,249
102,108
137,142
83,89
81,85
8,10
160,162
40,44
79,83
7,14
230,247
79,83
20,23
40,42
6,8
28,43
6,11
18,23
50,57
157,168
13,18
368,373
213,217
5,7
188,191
6,17
237,244
28,43
4,8
8,10
0,5
147,158
8,10
95,101
6,8
36,38
77,88
0,7
86,94
19,26
36,38
70,81
107,112
199,207
36,47
3,11
48,59
81,88
6,8
103,110
97,99
19,27
17,23
8,14
26,32
12,14
71,78
16,18
33,38
7,9
2,7
14,16
68,75
0,2
24,26
6,8
34,36
14,16
41,48
12,14
19,21
220,226
12,18
133,145
6,8
105,112
0,5
6,8
200,203
51,57
74,82
113,123
43,54
2,7
6,20
209,211
26,28
47,49
182,188
119,127
95,102
67,74
5,7
43,45
178,185
57,63
57,64
4,8
37,44
48,54
96,98
21,25
121,126
8,10
70,79
69,77
50,52
5,7
70,78
33,40
22,30
95,101
260,266
30,35
63,68
85,91
43,45
2,5
4,9
22,27
82,85
417,424
8,10
46,48
90,98
134,145
185,191
117,123
12,14
71,73
132,143
164,172
34,36
10,12
6,8
57,64
7,9
91,93
67,74
87,91
0,3
63,69
80,82
50,57
41,43
24,27
33,35
67,69
0,2
69,78
12,14
15,21
87,93
38,40
0,3
38,40
249,256
200,206
6,8
9,12
165,169
25,31
79,87
27,37
9,16
138,140
77,85
40,46
24,26
9,11
14,16
50,57
233,240
37,43
112,118
335,342
151,158
90,97
6,20
33,37
23,30
99,105
6,8
90,94
71,74
171,179
146,158
60,62
239,246
30,37
0,14
0,3
46,53
7,9
11,13
67,69
94,99
12,14
86,88
80,83
26,28
21,23
2,5
6,8
77,82
9,20
28,40
8,11
7,12
21,26
9,14
368,375
225,237
36,41
2,6
34,36
74,81
20,26
74,76
72,79
72,79
92,101
61,67
7,9
106,113
13,15
35,37
27,33
51,59
94,96
48,50
34,36
33,37
76,81
12,14
194,200
46,53
6,12
69,71
21,28
120,123
316,322
29,31
118,124
0,6
69,71
20,27
4,11
8,10
310,317
22,28
102,109
52,64
0,7
26,29
0,6
35,42
6,8
67,74
15,26
6,12
48,50
0,2
34,40
125,132
0,7
15,17
15,22
86,89
6,8
61,63
0,2
0,5
144,150
5,16
33,40
44,51
8,11
2,7
44,51
36,47
5,7
6,8
50,61
11,13
0,2
6,8
7,9
29,34
8,14
32,37
65,67
302,308
123,129
74,76
46,48
40,42
76,86
189,200
6,8
70,82
208,214
57,59
68,75
0,3
95,99
12,14
43,51
143,145
39,41
151,154
16,18
0,2
130,145
101,104
68,74
240,251
6,8
35,40
276,284
151,158
152,158
68,72
85,90
86,88
33,39
132,139
82,89
21,23
21,23
11,13
117,119
213,217
86,88
34,37
6,8
21,23
35,47
12,24
109,115
102,108
10,12
107,116
21,27
6,8
74,81
91,98
24,26
72,79
155,157
0,2
310,317
140,146
47,55
35,37
110,115
31,33
26,28
57,61
7,9
4,9
61,65
104,111
82,89
11,16
7,12
11,16
44,47
32,34
111,114
55,62
62,64
0,20
38,43
8,10
11,13
306,312
7,9
34,35
58,60
192,199
26,32
38,49
69,76
129,136
9,16
0,3
54,59
7,13
114,121
89,97
0,6
25,30
35,38
190,192
31,36
15,21
190,196
6,8
70,75
14,16
7,14
200,206
119,130
112,126
200,203
112,118
7,9
44,50
19,21
71,74
71,73
77,83
36,38
151,158
335,341
5,10
112,118
227,234
118,125
156,166
30,35
23,30
17,22
33,37
6,8
10,12
164,168
89,95
45,47
49,51
87,92
14,16
196,202
46,52
59,61
28,34
12,14
180,187
7,12
5,9
7,14
33,38
15,20
0,7
60,64
131,139
64,69
71,73
6,8
12,14
173,180
28,31
76,82
62,68
18,25
92,99
26,32
14,16
8,14
107,113
11,13
87,89
77,87
116,122
64,66
36,44
115,121
0,6
242,248
7,12
10,15
36,43
26,32
0,7
103,109
13,17
79,81
77,82
50,55
35,40
63,70
34,40
11,13
12,19
14,16
3,5
94,96
133,138
30,37
36,42
135,138
218,220
346,352
68,75
104,111
2,4
25,32
20,23
38,40
79,94
11,14
28,33
40,47
207,212
9,18
10,12
183,187
0,7
6,8
162,168
160,162
8,10
8,10
0,3
9,15
19,25
22,24
42,47
95,101
161,176
6,17
87,94
23,25
7,9
7,9
152,163
59,64
26,33
71,73
41,43
57,64
4,17
0,3
18,24
107,111
9,11
15,17
112,114
29,32
77,88
71,86
8,10
33,35
144,155
6,8
96,101
34,40
108,110
35,37
2,8
113,120
103,115
257,262
218,220
8,14
2,4
60,67
64,69
9,11
8,10
22,24
6,11
143,150
29,31
41,43
2,5
107,116
62,69
8,10
38,40
70,82
10,17
88,95
167,173
22,25
27,35
239,250
0,3
199,206
10,16
17,22
6,12
129,135
49,56
6,8
190,197
26,28
12,14
43,54
6,8
147,154
155,166
5,8
39,43
2,4
7,9
145,147
71,77
48,55
46,48
7,9
49,61
44,50
11,13
113,118
280,287
112,114
26,40
116,122
72,76
45,52
0,6
4,9
6,8
3,5
339,344
108,115
158,164
40,46
56,63
155,162
37,54
56,62
64,69
2,5
6,8
0,2
52,58
63,68
99,102
16,26
6,8
98,104
192,198
18,25
28,30
3,9
175,182
173,179
100,107
8,10
22,29
146,158
40,42
88,95
17,21
69,84
37,39
57,63
26,28
224,231
243,245
183,198
159,165
115,121
50,56
9,12
74,81
2,5
68,74
52,54
13,18
227,230
35,38
8,10
47,54
53,58
10,17
34,36
30,33
5,7
60,62
87,98
8,14
225,232
44,51
11,13
50,52
102,109
17,19
14,16
7,9
8,10
89,96
91,98
22,24
20,27
29,31
74,79
223,229
26,28
4,6
218,220
18,20
21,29
57,64
0,4
50,57
65,67
49,61
0,3
110,112
87,98
148,154
33,38
93,100
21,23
8,10
26,30
49,54
40,42
58,64
8,13
53,59
99,103
12,14
239,249
0,2
73,79
77,82
255,261
11,16
33,35
9,12
394,401
38,40
72,75
13,20
35,41
2,4
6,8
110,112
28,34
10,12
92,94
74,76
176,183
29,34
58,62
62,65
21,23
24,26
275,286
0,5
7,9
64,69
34,36
28,34
6,8
50,52
12,27
70,77
100,106
63,71
30,32
107,111
36,43
29,39
99,111
50,57
7,9
6,8
25,27
15,17
189,191
114,125
41,48
8,11
18,20
185,192
189,191
47,49
67,75
154,156
0,7
137,144
35,42
54,59
5,7
4,6
117,120
16,21
28,43
30,36
13,15
45,47
80,82
10,12
24,26
38,45
91,100
186,193
9,15
6,8
34,36
107,115
22,27
8,10
80,82
0,3
152,158
248,250
67,69
43,50
43,45
48,50
33,38
42,48
7,12
205,212
28,30
15,20
117,123
0,2
113,120
62,64
38,40
20,22
56,58
23,28
119,127
12,18
18,29
94,101
152,158
69,75
33,39
5,7
113,120
22,28
22,24
103,110
11,14
56,61
91,102
8,10
62,64
20,28
8,10
73,79
2,6
20,22
105,116
25,27
36,38
34,43
6,21
12,14
61,63
51,55
79,86
25,27
94,105
36,43
53,56
78,81
179,185
5,16
184,194
56,58
34,37
37,39
7,9
41,48
37,39
19,25
9,15
159,161
14,16
24,26
16,18
30,32
77,89
58,60
37,39
185,191
0,6
20,22
86,88
17,19
296,298
11,18
24,29
87,93
13,19
293,300
27,33
53,60
140,146
57,66
62,64
21,25
17,22
160,162
56,61
0,3
59,61
17,19
2,7
134,141
73,77
31,40
11,13
173,176
36,41
6,12
76,78
156,158
8,10
163,169
37,42
6,21
54,56
8,10
37,39
5,15
153,155
38,43
20,22
7,9
46,50
25,27
124,131
24,26
91,98
29,31
17,25
154,157
25,27
45,47
162,173
11,16
60,68
4,6
29,31
21,25
243,249
11,16
3,5
73,76
179,194
118,123
28,30
10,12
61,71
39,50
15,22
6,8
44,51
12,14
67,69
9,16
17,19
19,21
34,49
160,166
0,2
28,39
28,33
368,373
115,117
89,99
8,10
0,12
181,188
28,30
0,9
7,9
5,7
81,85
6,8
127,134
49,64
22,27
117,123
29,35
77,88
33,39
7,11
90,94
77,89
71,82
130,136
33,35
316,322
272,274
131,136
43,45
190,197
41,43
39,41
71,73
98,104
173,179
29,35
109,115
81,85
13,15
38,49
139,145
47,53
117,119
14,16
130,136
110,120
4,8
9,14
20,22
156,163
18,22
20,22
8,13
10,12
183,187
26,28
106,113
145,147
0,5
90,92
34,39
41,46
8,10
111,117
138,148
131,137
47,49
0,6
91,98
19,24
3,10
13,15
17,20
0,6
18,20
24,28
4,10
70,78
53,60
0,6
33,38
11,13
4,10
8,10
118,120
17,19
15,22
33,41
14,21
120,122
30,41
198,204
176,182
261,268
290,294
7,9
196,199
108,114
129,135
67,74
2,6
101,108
41,43
119,123
30,37
147,149
123,129
127,129
6,12
9,13
10,12
90,97
0,2
8,10
15,17
59,61
5,12
239,249
118,124
29,34
33,39
6,8
2,5
24,26
102,112
95,100
131,133
13,18
25,31
83,89
98,100
76,83
125,137
84,86
72,79
172,174
61,63
20,29
55,65
59,65
23,25
38,53
49,55
60,65
22,24
69,71
6,8
59,65
6,21
2,5
173,176
311,318
7,9
59,61
100,107
123,130
79,85
7,16
46,51
39,41
0,6
16,18
13,19
16,18
190,195
135,142
25,28
62,68
243,249
62,66
11,26
75,77
352,358
33,38
124,131
35,46
10,12
255,265
118,120
131,138
173,176
72,74
2,5
77,88
14,21
280,285
39,41
67,73
155,161
33,38
61,63
6,13
123,130
21,23
0,3
82,89
158,165
182,189
5,7
28,35
152,158
10,12
33,40
5,7
0,3
9,11
2,7
48,51
77,79
45,49
169,189
84,89
7,9
59,61
0,6
16,18
35,41
103,106
20,22
112,119
28,30
46,48
21,23
18,20
23,30
61,67
318,329
8,10
11,13
184,189
8,10
63,71
131,138
6,8
28,33
38,48
7,9
38,40
116,122
69,71
415,422
57,64
7,12
3,5
168,170
84,87
276,282
91,97
7,9
8,10
169,184
26,28
149,155
19,21
136,143
152,154
109,112
17,26
60,68
141,149
60,65
37,39
0,7
10,17
138,140
10,21
7,14
44,46
202,207
8,10
98,105
253,259
8,10
152,159
2,8
13,19
15,24
5,16
10,12
48,53
18,24
7,19
69,77
224,231
27,29
80,90
29,34
110,115
0,7
119,130
145,156
186,188
151,157
54,60
173,176
148,156
15,20
134,140
51,56
6,8
8,10
6,11
82,84
11,16
338,342
151,161
44,46
118,129
8,10
84,91
2,5
22,24
8,16
128,135
17,23
27,30
11,13
5,8
53,56
17,19
305,320
67,74
9,14
43,48
104,112
79,85
5,12
0,6
52,62
13,18
200,206
35,40
23,32
39,46
35,37
7,9
197,199
50,56
30,37
31,36
162,166
93,95
100,102
101,112
120,130
38,40
9,11
60,63
394,409
39,41
8,10
195,202
0,7
5,10
47,49
242,253
2,5
105,112
280,286
201,205
108,114
54,58
16,23
13,28
91,97
8,10
92,97
2,5
35,37
107,114
55,57
11,13
120,126
16,20
6,8
53,60
151,153
0,3
6,21
44,53
18,20
37,39
146,152
52,56
72,78
72,79
50,55
95,101
313,319
144,149
95,97
53,55
18,20
189,195
11,26
106,114
155,162
15,23
136,141
54,56
0,3
8,10
2,4
70,76
119,130
310,317
125,132
20,27
45,47
107,113
8,10
24,26
36,44
29,34
131,133
39,50
52,58
63,68
81,87
6,8
9,14
10,12
0,3
190,206
70,80
4,6
105,116
5,16
17,24
23,25
73,88
14,16
32,34
58,60
76,78
147,149
41,48
35,42
35,42
2,9
154,161
41,43
11,15
82,87
70,75
267,274
16,21
175,181
12,18
6,13
25,27
95,101
106,111
17,23
33,36
34,36
50,57
17,24
2,5
10,12
53,56
8,15
70,78
154,156
20,22
68,75
24,26
6,8
247,254
55,66
150,157
93,95
3,5
129,131
0,9
9,11
100,105
30,37
6,8
5,7
19,27
0,11
12,14
61,69
204,206
18,20
37,45
237,243
18,25
90,94
15,17
108,123
13,15
0,2
6,8
11,16
27,37
6,8
147,149
25,27
33,35
41,43
276,282
12,19
14,24
229,240
39,46
0,2
0,11
79,86
11,17
17,23
21,27
108,115
211,219
6,8
117,123
4,6
6,8
0,3
24,29
89,95
97,105
7,9
20,22
19,27
51,53
26,32
63,65
11,19
8,10
45,47
28,30
5,13
160,162
39,49
20,27
48,51
79,86
39,44
74,76
0,7
8,16
10,12
112,118
10,12
45,47
291,295
54,56
62,69
328,330
83,95
54,60
0,2
255,261
7,9
106,112
37,44
32,38
139,146
25,30
61,71
164,172
10,16
27,32
10,14
2,4
70,78
0,2
10,17
231,237
4,10
11,13
5,7
134,138
16,18
97,105
74,79
12,14
107,112
114,120
111,116
217,224
69,75
50,57
77,79
2,4
109,117
59,61
87,93
5,7
37,41
8,23
6,11
209,213
54,59
107,113
8,14
51,57
50,57
164,171
0,6
2,5
0,5
4,11
211,218
100,106
7,12
18,20
63,68
19,21
75,79
44,46
392,399
18,20
6,8
31,33
11,16
14,16
154,160
10,12
56,61
0,2
13,15
12,14
265,271
65,76
84,90
41,45
74,81
39,46
0,7
33,38
49,56
46,53
0,11
13,20
65,78
0,3
79,90
12,19
17,19
26,32
0,7
6,8
310,317
161,168
9,11
20,25
2,8
32,39
17,19
77,80
17,26
375,377
44,46
44,46
266,272
0,6
12,14
10,12
79,81
58,60
294,301
86,89
284,291
10,15
32,39
6,8
8,14
0,6
133,139
82,89
42,47
6,8
95,102
11,13
0,3
8,16
0,11
43,49
48,50
133,140
79,84
53,64
181,187
23,30
12,14
411,417
29,31
0,9
54,59
178,180
112,119
0,6
27,32
10,21
163,169
25,27
13,15
65,68
17,19
79,81
60,62
11,13
34,40
90,96
8,10
8,11
7,9
118,125
171,177
8,12
121,128
53,59
6,8
6,8
69,77
4,8
98,105
77,88
2,9
0,2
189,200
114,120
15,22
383,387
0,6
13,15
39,41
6,11
15,22
23,30
38,42
6,8
77,89
24,30
2,9
117,120
33,39
11,16
95,102
5,7
2,4
143,149
27,31
12,14
147,153
5,9
14,16
79,87
63,78
11,17
9,12
0,6
35,43
10,12
28,30
0,2
35,37
0,6
23,25
86,88
143,158
98,108
12,18
71,75
9,11
29,31
57,65
29,35
141,148
272,274
68,75
107,113
47,54
11,13
8,10
26,38
8,10
14,16
2,5
26,28
21,23
127,134
10,17
11,16
0,6
96,108
189,191
0,7
37,45
11,16
39,43
35,37
48,52
63,78
0,8
38,40
39,54
8,10
62,68
8,10
39,41
0,6
64,69
62,69
27,35
64,72
63,68
200,203
16,27
235,242
54,56
20,22
174,185
15,22
129,136
18,20
82,94
30,32
25,27
92,99
31,33
6,8
64,70
56,58
53,60
195,202
51,53
55,63
17,23
11,26
109,115
112,118
7,18
10,12
13,15
48,50
24,26
16,18
96,98
8,10
82,89
28,33
6,8
80,82
63,84
8,10
98,105
137,143
36,38
65,72
15,20
48,50
124,131
94,100
11,14
77,84
4,9
27,32
15,21
22,24
32,39
64,69
6,8
0,3
56,61
7,10
10,12
32,36
180,187
8,10
51,59
37,40
69,80
0,2
13,15
2,7
35,38
0,5
0,2
243,249
0,7
22,24
103,108
41,43
52,59
17,20
54,61
78,85
20,22
63,69
59,61
111,117
25,29
24,26
90,94
54,60
191,196
107,114
150,157
127,134
101,108
42,51
25,37
100,106
218,225
0,5
45,47
222,228
130,132
232,239
75,82
46,52
7,14
55,58
5,7
32,38
6,8
144,151
74,81
105,110
6,8
229,231
52,54
27,29
34,35
111,114
10,17
105,112
4,7
33,38
34,36
75,90
23,25
48,50
346,361
14,16
13,19
211,217
23,35
54,56
20,27
32,37
118,120
88,94
19,34
67,73
0,7
201,205
72,78
98,105
8,10
2,13
24,30
10,12
70,75
76,78
7,12
38,49
11,13
70,79
99,106
85,96
11,13
179,181
114,117
8,10
213,219
14,18
96,102
323,326
79,81
133,140
38,40
2,9
44,53
64,66
4,6
8,10
38,53
0,11
0,4
27,29
24,39
18,25
20,22
6,12
100,107
13,15
23,25
5,7
95,102
50,53
39,41
62,69
46,51
6,13
0,20
18,20
19,21
22,27
47,54
13,15
21,23
7,9
61,65
99,111
61,66
85,87
60,74
87,94
53,64
71,73
93,104
54,56
33,39
27,33
78,84
41,43
15,20
6,8
45,47
7,13
5,7
33,40
37,43
12,14
12,18
29,32
10,12
17,22
31,37
97,102
14,16
34,39
0,3
160,165
0,3
0,3
33,35
127,138
13,18
123,130
95,98
0,3
95,97
98,100
8,10
26,31
8,13
147,155
9,14
129,135
14,16
45,47
203,207
39,41
91,93
37,39
50,52
88,95
136,138
13,20
56,61
9,14
10,12
203,210
61,66
22,24
58,64
204,211
14,16
7,9
4,9
22,24
47,49
29,35
11,13
172,174
27,30
140,142
32,34
101,112
31,33
333,335
4,10
8,10
231,238
219,223
44,50
249,256
10,18
126,133
96,102
175,183
22,28
118,120
44,46
269,279
10,12
19,25
10,12
53,64
6,9
31,38
17,25
140,146
67,72
9,12
0,6
103,109
243,249
20,28
67,76
122,129
40,46
81,83
72,79
51,56
21,28
80,82
53,58
9,11
32,38
74,76
24,29
54,57
10,15
5,7
82,89
103,110
25,27
20,23
75,82
62,69
52,64
3,5
171,180
15,17
100,106
13,15
103,108
25,40
8,10
104,111
43,45
6,8
124,131
8,10
23,29
33,38
25,33
66,72
2,4
38,44
19,24
103,108
0,5
8,10
87,89
113,115
23,26
32,34
115,117
6,8
48,54
164,170
4,6
0,5
81,87
8,10
76,82
37,42
6,8
103,111
142,152
59,65
100,105
259,270
105,107
99,102
27,38
8,10
12,14
0,2
10,12
108,114
20,22
8,10
31,34
202,208
103,105
226,232
14,22
27,29
113,123
0,2
242,254
183,190
11,13
37,39
56,58
13,15
5,7
17,19
15,20
59,70
7,9
179,185
5,7
126,137
28,30
34,41
22,27
80,85
66,69
0,3
0,11
17,23
48,51
185,187
21,23
91,93
0,2
26,28
74,76
13,16
150,156
84,91
113,118
31,43
6,8
119,125
17,24
120,126
38,49
23,29
333,335
169,176
144,151
0,2
0,3
8,10
310,316
20,26
12,21
39,41
141,145
12,17
107,114
128,134
48,54
13,15
65,71
184,192
8,10
44,51
17,19
28,30
192,196
5,7
22,24
18,23
6,8
0,8
13,20
65,70
35,37
25,31
8,10
126,137
10,16
51,53
37,39
40,48
60,68
61,69
123,134
8,10
39,41
162,168
42,48
37,40
29,31
101,108
6,8
40,42
8,10
28,30
18,21
102,109
23,25
91,95
25,27
60,66
73,77
141,144
21,23
115,117
8,10
7,13
49,55
3,8
70,82
7,13
5,7
6,8
72,78
16,18
34,36
25,36
12,14
15,24
2,4
7,9
24,26
2,5
76,84
16,18
25,36
115,120
112,119
26,31
132,134
323,326
38,40
130,137
88,91
132,134
55,62
61,69
37,43
8,10
152,159
142,148
10,12
207,212
93,99
2,5
13,20
71,73
119,126
175,181
18,34
105,112
141,145
41,47
119,121
7,9
67,78
27,30
54,56
54,60
32,34
33,35
113,124
14,16
33,35
180,191
36,38
214,220
0,11
22,24
67,74
107,114
17,24
49,51
123,130
118,125
0,2
0,6
12,14
95,101
9,11
41,52
33,35
234,236
8,10
53,60
75,82
6,8
154,156
46,52
8,10
23,29
14,16
293,308
207,212
4,9
19,24
89,96
7,9
6,12
113,120
28,30
113,120
0,7
54,60
5,11
74,76
19,31
27,34
6,8
34,41
15,17
20,23
16,22
7,19
48,51
49,51
45,51
179,181
188,199
49,55
18,23
378,390
16,21
323,326
32,38
33,38
63,69
15,17
7,9
185,191
79,90
141,146
0,6
187,190
180,186
85,92
94,101
25,30
20,26
16,22
21,26
32,38
7,11
98,106
13,24
41,52
27,29
71,73
7,18
38,43
6,12
276,278
7,9
375,377
46,52
38,44
92,98
8,13
6,8
83,85
280,291
12,18
185,191
47,54
25,27
87,93
0,4
5,7
19,26
0,4
6,8
203,210
45,56
103,110
168,178
307,314
27,29
48,50
26,28
0,2
11,18
149,155
82,85
33,38
24,26
6,8
26,28
172,178
13,15
18,25
268,274
8,10
29,31
0,3
0,3
160,162
208,219
21,26
86,88
11,14
5,8
8,14
206,209
171,176
47,49
7,9
269,276
6,13
140,146
72,74
116,122
159,164
100,111
20,22
20,31
28,30
383,387
28,33
2,5
34,36
204,213
23,28
55,65
0,4
57,59
84,91
161,167
5,7
105,116
91,95
25,32
88,95
106,108
113,117
134,141
39,44
34,42
6,8
17,22
8,10
116,118
0,6
6,8
12,18
42,48
7,9
6,8
13,17
253,260
22,29
128,138
24,29
58,60
27,29
125,131
83,89
90,97
16,21
7,9
30,33
5,7
64,69
7,9
63,68
8,16
94,96
71,78
5,8
16,18
16,21
6,8
8,10
41,46
110,112
21,23
0,2
21,28
8,10
26,28
7,11
88,90
69,71
13,15
215,221
192,199
12,14
16,22
7,9
197,208
5,10
6,12
9,14
5,9
7,9
50,52
18,20
0,3
86,88
114,129
8,23
189,200
100,107
8,16
41,48
103,115
40,42
50,56
87,93
8,10
5,11
17,19
10,12
21,23
72,74
21,27
24,26
10,12
8,23
12,14
83,85
23,25
32,38
19,21
22,27
96,101
2,4
21,26
73,81
74,81
8,10
103,108
95,102
25,27
4,6
44,47
8,10
7,12
204,211
23,28
12,18
355,365
63,65
10,12
3,9
18,30
37,39
0,11
76,78
33,35
47,57
7,14
200,206
0,6
19,26
117,123
24,31
36,40
59,61
8,12
6,8
62,68
66,71
159,161
36,43
29,31
26,28
37,39
31,33
15,20
73,79
41,43
39,44
84,90
6,8
7,16
147,149
18,20
20,22
35,37
347,352
10,12
18,24
39,46
192,199
104,112
27,31
10,16
89,96
28,30
10,12
419,425
58,63
51,53
22,27
15,17
14,16
99,102
11,13
24,26
80,91
13,19
68,76
135,142
7,12
44,60
24,30
66,73
11,18
12,14
21,23
80,87
60,66
18,21
16,18
0,6
13,18
8,10
117,120
61,67
2,7
225,232
14,16
8,10
231,237
32,37
6,8
31,38
155,162
86,88
107,111
25,27
52,56
59,65
171,173
97,106
183,187
291,295
22,24
29,31
12,16
50,57
14,16
6,12
57,62
6,8
86,88
10,12
118,120
71,77
10,17
93,100
72,76
8,10
43,45
317,324
14,16
39,41
18,25
198,205
82,89
69,75
32,38
61,63
54,56
7,11
82,85
386,392
8,10
58,64
7,9
6,8
21,23
0,3
16,22
60,62
68,72
233,241
0,7
259,263
8,10
7,14
116,123
84,91
127,134
54,60
8,10
87,89
115,130
94,101
130,132
168,173
8,10
35,42
0,5
29,31
59,61
24,26
154,161
0,20
330,332
6,8
8,10
212,218
330,332
44,50
6,8
11,13
0,7
4,10
6,8
135,142
32,34
5,10
13,24
81,83
8,10
3,5
57,68
6,8
178,189
33,40
192,195
105,112
111,114
82,84
383,387
52,59
35,42
189,196
134,138
9,11
65,67
163,168
16,18
154,156
11,17
12,14
9,14
129,136
5,7
203,210
6,8
16,18
56,63
90,101
101,106
5,7
9,15
8,10
37,39
7,13
5,7
276,278
165,167
7,9
74,76
122,126
70,77
61,63
287,293
185,190
54,61
54,61
2,7
100,102
124,129
7,12
37,41
36,40
44,46
84,90
95,103
5,9
26,31
85,90
31,35
133,141
0,12
36,38
55,69
17,21
158,164
24,26
0,7
13,28
74,81
25,30
27,42
186,188
52,58
7,11
71,73
67,73
10,12
12,19
127,132
23,26
133,135
2,4
9,11
115,129
99,106
176,191
18,25
45,47
2,11
9,15
144,148
133,138
36,39
90,96
7,9
50,57
71,75
2,7
115,126
0,2
10,12
152,163
192,199
21,23
0,2
60,62
72,79
33,39
45,52
10,12
31,37
52,54
113,119
103,115
13,20
7,19
56,61
14,19
122,130
4,10
12,17
44,49
12,14
27,29
217,224
118,120
34,36
18,23
33,35
114,120
8,10
84,91
81,83
7,9
124,131
6,8
8,10
279,286
52,58
38,42
160,162
112,122
10,12
95,97
25,27
46,51
317,322
0,7
50,57
36,38
22,29
6,8
131,133
198,205
33,35
79,87
47,58
8,10
71,73
184,190
12,15
33,38
131,135
75,82
43,45
6,12
86,88
98,100
121,128
61,66
8,14
48,52
30,37
9,15
0,4
14,19
70,82
58,60
175,181
99,102
28,34
49,60
35,38
8,18
10,12
82,92
18,23
0,3
79,81
60,66
84,89
46,50
163,165
8,10
22,29
78,88
11,14
29,31
194,199
43,45
5,9
10,26
407,414
101,108
222,224
10,12
7,9
67,73
18,24
6,8
7,9
0,4
7,9
39,47
72,77
71,73
13,18
8,10
13,15
24,26
101,106
55,61
49,59
35,37
250,252
27,31
59,62
34,37
0,3
141,149
141,145
94,99
97,102
8,10
106,108
173,179
21,23
46,48
23,28
8,10
31,33
130,145
116,122
61,66
10,12
46,50
153,160
16,20
117,124
6,11
56,63
6,8
97,99
57,59
124,131
4,10
8,10
74,76
14,20
88,94
10,13
19,21
31,33
21,23
28,32
100,106
63,65
39,46
106,108
197,208
296,303
119,124
210,218
39,41
5,10
77,82
28,30
37,39
6,8
17,24
7,9
179,181
13,21
42,47
0,2
176,186
25,27
37,39
164,166
46,51
84,90
7,13
19,25
6,8
45,56
2,4
118,120
74,78
41,48
96,103
0,11
19,24
31,37
225,227
91,98
103,111
38,45
10,12
7,9
2,5
8,10
69,77
23,31
72,79
126,137
392,399
6,8
12,18
18,20
8,10
49,56
136,141
39,41
249,256
0,5
18,20
35,38
118,122
14,16
15,17
147,154
18,20
34,36
31,33
6,8
48,55
138,145
19,24
28,32
66,68
10,12
20,23
26,28
160,171
2,4
98,105
21,23
0,5
53,58
25,30
173,176
0,6
0,5
51,59
27,29
12,14
266,276
44,46
10,12
231,237
14,19
7,12
27,29
0,7
6,8
31,36
337,343
8,10
62,69
46,52
0,8
6,20
23,25
113,119
125,137
3,18
12,14
43,45
8,12
87,92
96,102
102,109
71,78
10,15
65,76
8,10
20,25
9,13
67,74
10,15
136,139
7,9
31,37
135,142
167,175
15,17
212,222
6,8
375,377
160,170
24,30
21,25
138,145
50,53
419,425
0,5
20,22
98,106
331,337
0,5
118,120
17,24
8,10
24,27
15,22
44,46
34,36
299,310
26,28
7,9
11,17
3,8
5,9
93,99
10,12
17,23
3,5
8,10
49,55
0,6
44,50
98,100
139,145
6,8
209,213
115,123
125,128
95,102
4,10
26,33
15,24
0,6
150,157
36,41
8,12
383,389
145,147
96,105
6,8
54,59
0,3
153,155
26,28
10,16
41,43
35,42
29,31
207,214
112,118
51,62
135,142
214,220
20,27
4,8
80,89
48,54
12,14
93,95
10,15
23,30
88,91
14,21
50,52
3,5
23,25
5,7
34,40
139,144
46,48
18,24
24,26
67,72
119,127
14,18
175,181
247,254
56,63
6,8
12,18
359,363
26,28
12,14
35,42
8,10
17,25
10,15
21,23
96,104
39,41
7,9
59,61
30,37
350,361
28,33
7,13
9,11
83,90
9,14
6,8
13,24
13,15
46,51
5,9
77,81
117,124
107,111
14,18
64,66
6,12
100,111
63,72
37,39
30,35
6,8
132,136
12,19
49,51
8,10
71,73
215,221
8,14
2,6
92,97
199,206
30,32
107,112
36,41
222,228
66,72
48,51
214,222
139,147
32,34
125,127
139,146
49,56
42,44
25,31
9,15
25,27
6,8
61,63
2,5
43,45
96,104
7,9
51,53
110,112
53,55
247,252
22,24
5,11
15,17
3,5
21,26
106,113
214,220
252,258
98,102
178,189
20,31
278,284
21,23
38,42
69,76
113,123
16,20
8,10
107,114
0,13
209,216
3,5
64,66
7,9
152,158
10,18
51,53
155,162
17,23
14,19
11,17
109,116
267,273
36,39
17,19
91,96
37,39
47,58
12,14
17,23
74,84
0,2
18,20
7,12
5,7
17,20
121,128
44,60
54,57
20,24
17,23
101,108
23,29
47,52
62,68
7,18
8,10
38,40
0,7
5,9
18,23
30,38
42,47
44,51
219,229
47,49
37,45
51,59
21,25
113,120
0,6
31,36
21,23
126,128
12,14
13,19
148,159
12,14
37,39
286,292
18,21
53,57
46,52
28,35
65,72
127,131
13,15
88,94
28,31
128,135
0,5
2,5
50,57
183,190
82,87
20,27
36,38
43,48
13,18
60,66
135,137
13,15
12,14
39,45
33,40
53,57
26,32
17,22
17,20
47,53
16,23
20,27
237,243
182,184
8,10
178,180
0,10
22,29
20,22
8,10
55,61
6,11
128,134
70,75
342,346
269,274
112,119
38,41
9,14
0,7
51,57
13,18
37,40
271,280
27,29
12,14
7,10
39,41
17,22
60,67
323,329
87,89
157,168
18,20
67,69
0,5
173,180
63,71
4,8
32,34
37,39
18,20
272,275
218,220
20,22
25,27
144,150
57,68
8,10
4,10
127,133
14,16
6,8
24,29
13,18
48,50
14,16
17,19
21,28
0,8
0,6
13,20
148,159
16,18
6,8
164,175
37,46
73,79
75,86
58,60
37,40
145,147
95,97
53,55
5,7
14,26
112,118
48,50
12,18
117,123
12,25
100,107
383,387
178,189
140,147
7,9
89,96
79,85
6,12
2,4
69,71
2,4
8,18
8,10
162,168
138,143
37,45
56,58
2,9
10,12
8,10
0,6
35,42
62,64
11,13
72,77
67,74
0,2
5,7
310,316
0,6
20,25
6,12
337,344
58,65
73,81
78,80
10,12
231,237
17,19
23,25
394,409
18,20
12,14
7,12
21,25
0,10
45,47
0,2
7,9
8,10
40,47
179,185
24,27
77,81
31,40
135,142
46,54
8,10
11,13
22,24
8,10
103,115
103,109
0,7
64,69
293,300
96,98
57,64
37,54
8,10
120,123
248,263
59,61
8,10
140,146
93,95
76,86
35,45
10,12
59,61
64,66
27,32
20,27
285,291
41,43
8,11
94,105
39,41
4,9
13,15
49,56
70,75
62,68
111,123
50,52
70,80
197,204
197,199
136,141
33,39
0,1
182,191
57,59
134,141
8,14
9,11
46,50
33,40
72,79
6,8
25,27
76,83
7,9
124,131
6,13
89,96
44,51
24,29
145,147
2,5
82,89
101,108
9,18
15,20
15,17
0,4
21,23
8,10
14,18
6,8
106,113
119,130
10,12
31,33
26,28
37,40
11,13
21,25
7,11
203,210
234,236
50,62
9,14
210,214
57,59
95,102
155,162
52,54
12,14
15,28
8,10
24,30
69,76
13,15
8,14
26,30
16,23
74,81
170,188
72,77
53,56
4,8
45,47
79,85
2,6
8,10
60,62
0,14
25,27
11,16
24,26
124,131
125,132
7,22
34,36
206,213
26,28
2,9
9,15
7,11
159,170
79,87
202,208
91,97
218,220
29,31
92,97
151,158
0,5
0,3
70,82
42,44
6,8
144,150
67,69
207,215
63,71
5,11
6,8
11,18
27,34
23,25
6,8
0,5
16,18
82,92
113,124
56,61
15,17
85,92
41,47
5,7
155,165
18,20
12,14
253,259
7,9
77,82
290,294
8,15
65,72
66,68
34,45
12,14
38,43
127,129
232,239
143,154
88,95
70,75
12,19
210,217
88,95
78,83
148,154
146,158
11,17
47,53
331,336
2,7
68,75
15,24
140,146
64,74
189,200
61,68
15,17
96,101
51,66
11,13
82,92
2,5
13,15
183,190
0,11
6,8
26,29
45,56
65,70
4,10
13,19
50,52
172,174
163,169
10,12
60,68
17,19
34,37
37,40
35,42
10,12
14,24
96,100
28,35
92,94
61,67
5,7
200,206
246,256
6,8
64,69
170,176
29,31
15,24
21,27
42,44
63,71
116,123
14,19
10,12
41,50
130,137
93,95
47,53
44,58
3,5
4,9
57,59
0,7
171,173
6,8
71,73
61,63
44,52
67,73
94,96
18,20
176,182
108,115
245,247
323,326
23,25
110,116
28,32
138,148
7,9
39,41
17,21
13,15
16,18
166,176
35,37
38,43
20,22
19,26
0,7
68,70
13,15
27,35
116,118
6,8
211,222
43,48
125,132
39,46
180,186
45,51
174,176
172,179
54,68
7,12
180,182
40,42
83,85
301,311
8,10
0,5
14,21
25,27
89,91
284,291
18,25
24,28
72,79
109,114
63,65
13,19
0,5
20,22
103,106
16,18
47,49
89,95
8,10
107,113
0,6
6,8
35,40
260,266
18,20
63,70
46,48
21,23
17,20
74,84
8,10
77,88
87,89
8,10
13,15
0,6
12,14
89,96
32,38
84,95
155,160
178,189
407,410
112,118
196,202
8,10
31,37
60,62
63,68
44,46
45,47
232,247
96,103
32,36
6,8
12,14
38,40
160,167
106,108
33,36
24,26
120,123
285,291
8,10
125,137
36,41
7,9
10,17
131,137
4,6
59,61
4,10
2,5
6,8
17,23
17,19
7,9
24,30
8,14
98,102
8,11
12,14
116,122
87,90
16,18
25,31
114,119
83,89
34,43
346,352
25,33
24,26
81,85
40,45
130,138
162,166
290,292
96,102
213,217
136,143
93,100
30,32
85,92
188,191
28,35
14,16
78,81
49,55
241,248
21,23
51,56
18,24
11,13
283,289
7,15
92,99
23,27
10,16
81,88
23,27
0,2
20,23
26,30
177,192
43,45
8,10
198,205
33,35
19,21
6,8
37,39
0,6
14,29
146,158
2,4
4,8
351,357
79,90
0,8
99,106
39,41
7,9
63,70
132,139
128,137
19,26
267,278
6,12
19,26
48,50
51,58
44,46
8,15
181,188
13,19
79,85
52,58
0,5
49,55
60,63
27,32
245,247
6,8
217,224
36,43
6,8
53,56
55,66
30,32
24,30
18,22
12,14
7,9
71,82
8,10
49,55
13,20
119,124
32,38
16,18
132,137
48,54
0,6
78,83
83,91
55,57
22,34
0,6
136,139
10,12
104,109
204,211
26,28
100,106
0,5
11,15
247,254
26,32
10,12
37,39
20,25
94,113
226,232
11,26
10,12
15,21
115,121
18,20
123,130
33,40
12,14
13,24
119,125
2,5
0,5
347,358
25,30
31,36
74,80
195,203
20,22
31,33
37,49
55,58
20,30
52,59
199,206
8,10
5,11
59,61
28,36
5,7
11,18
6,9
35,42
17,23
50,61
2,4
156,166
54,61
38,40
83,91
62,68
6,8
32,38
2,6
8,10
42,47
25,27
41,43
102,109
110,113
10,12
82,89
7,9
17,19
9,15
73,77
111,116
48,55
74,80
18,20
82,94
20,25
57,64
59,61
330,335
0,3
6,12
139,146
31,37
22,27
97,99
91,96
34,36
0,11
58,65
60,66
20,31
10,16
26,32
7,9
11,14
158,164
15,17
7,9
6,8
2,8
303,309
12,27
4,10
29,32
7,14
11,13
20,22
39,46
9,15
34,41
0,2
37,43
277,284
59,61
4,11
126,128
100,106
28,31
5,7
18,23
0,2
5,7
38,53
0,15
6,8
6,20
44,46
17,19
28,32
0,4
6,8
116,122
6,8
8,17
39,45
21,41
8,10
0,6
113,125
17,19
84,90
66,72
68,75
7,14
411,417
97,104
131,133
42,48
2,7
11,16
0,6
6,12
124,131
53,58
7,9
97,105
98,104
384,389
0,2
7,9
2,5
7,9
76,82
18,20
5,7
34,39
64,71
15,17
5,17
10,12
99,106
147,154
142,149
13,28
182,191
10,12
0,2
194,197
87,89
57,64
184,194
26,33
112,118
17,20
28,30
68,74
55,61
33,35
2,5
221,227
58,61
40,42
0,3
14,16
87,89
47,53
76,78
47,51
97,104
172,179
31,37
32,34
8,10
19,21
47,49
21,29
39,41
20,25
9,11
62,64
33,35
0,8
90,94
62,68
2,7
0,4
44,46
6,8
144,146
59,62
44,46
173,180
47,53
19,24
118,120
71,74
106,114
0,6
44,50
23,30
82,92
54,60
8,10
38,40
63,66
15,17
44,50
127,133
15,27
3,5
61,72
18,20
31,37
170,172
8,10
36,39
7,13
25,29
45,47
43,45
19,29
227,230
80,82
71,76
12,19
30,41
41,43
4,6
97,103
52,59
31,37
43,47
15,20
20,25
71,75
6,8
211,222
5,7
66,70
68,74
308,323
109,120
146,158
10,12
0,3
32,34
6,20
14,16
70,75
223,230
115,117
87,94
54,65
8,10
38,53
63,70
32,36
89,96
18,25
6,8
33,41
246,256
12,19
62,64
52,58
6,8
415,422
0,15
82,89
100,105
147,154
20,22
310,317
151,157
62,64
33,35
104,106
18,20
34,36
111,114
11,13
72,79
29,35
155,157
151,158
7,10
24,26
243,249
0,13
27,29
7,13
285,291
0,15
141,145
53,60
6,8
142,148
175,181
46,53
131,136
192,199
11,14
16,18
43,51
43,45
31,37
201,209
61,66
168,178
105,107
15,17
6,8
21,25
83,85
17,19
6,10
178,185
250,252
154,157
56,58
93,100
133,137
58,70
64,69
78,80
193,200
93,95
0,5
57,62
21,23
0,2
31,33
31,38
36,40
20,22
276,278
49,61
5,7
152,163
54,56
50,55
33,41
0,2
2,7
80,82
40,42
59,61
63,65
2,8
67,74
141,149
94,101
11,13
62,69
0,6
17,19
107,111
11,13
6,8
93,95
12,16
72,79
48,52
30,32
31,33
60,74
29,31
164,172
10,15
8,13
220,226
15,21
48,52
25,27
117,123
10,16
33,38
223,229
6,8
139,144
0,7
115,117
7,13
35,47
23,25
34,36
10,12
44,49
170,178
375,377
25,31
148,150
0,2
28,30
62,64
27,31
156,163
7,9
83,89
4,10
65,67
32,34
0,2
14,16
120,123
102,108
7,9
24,30
2,8
135,142
147,149
153,160
19,27
57,64
18,23
68,76
95,101
32,39
6,8
160,167
5,10
65,72
152,159
30,37
17,19
48,52
138,145
10,12
135,142
154,157
25,27
81,88
6,8
181,192
34,36
9,11
6,8
87,93
50,62
26,33
62,64
67,71
8,10
67,69
114,116
9,11
35,40
20,27
8,10
60,66
34,36
190,197
111,117
6,8
21,24
45,47
29,34
120,127
11,17
162,166
34,38
6,13
114,120
25,32
118,124
51,53
6,9
146,158
7,9
10,12
34,36
62,74
65,71
89,97
45,49
12,14
303,308
98,102
6,8
333,335
137,144
30,32
0,5
0,4
168,175
207,212
82,87
42,49
50,56
40,48
0,11
117,123
157,168
124,130
28,30
299,310
8,10
189,196
59,73
29,31
11,13
2,5
8,10
61,67
12,24
88,90
90,94
109,115
6,8
197,208
0,7
11,13
54,61
12,14
22,27
85,87
129,134
12,14
64,69
52,54
30,32
180,187
5,16
2,4
82,94
152,157
0,10
82,85
47,57
4,6
12,14
33,39
20,29
14,16
19,21
8,10
106,113
65,67
126,131
189,200
36,43
8,10
249,256
35,37
8,10
2,4
148,159
33,38
67,71
33,43
49,54
13,15
52,58
8,10
8,10
178,185
23,27
50,57
46,48
12,17
26,28
18,24
12,18
70,75
0,6
11,13
2,4
132,139
7,19
0,6
24,29
6,8
6,8
107,109
42,49
79,90
8,10
87,94
265,270
0,5
225,231
239,249
43,47
12,14
120,127
147,158
25,32
17,20
19,31
6,8
130,132
15,23
30,32
323,326
210,214
5,7
88,95
123,125
8,15
29,34
5,11
15,17
2,4
80,85
6,8
19,21
38,48
10,12
7,13
7,9
75,83
89,97
43,54
199,202
0,5
73,80
9,21
44,46
85,92
100,107
9,14
114,119
16,23
26,31
7,11
0,6
46,50
4,11
25,30
118,123
378,385
145,149
34,36
106,112
8,17
172,174
119,125
210,215
7,13
33,39
8,10
158,164
10,12
5,7
0,2
109,112
0,10
34,40
54,60
77,84
24,26
136,142
45,61
64,66
93,99
49,55
22,29
62,69
0,5
223,229
99,105
169,175
107,112
45,47
21,31
86,98
53,55
0,3
82,92
112,118
57,64
249,256
161,176
12,14
9,12
140,145
99,102
175,181
31,33
118,125
17,23
43,48
51,57
63,69
51,53
5,7
107,112
7,9
52,54
9,12
15,26
28,30
85,92
10,18
8,10
67,74
28,30
13,20
0,13
0,7
12,14
0,5
23,29
69,76
103,111
342,357
91,93
30,41
6,8
11,19
38,53
53,55
231,241
16,18
2,6
19,21
69,77
212,222
40,42
9,15
23,29
17,22
159,161
51,58
14,16
59,61
17,24
25,27
63,71
20,22
15,20
206,213
51,53
185,187
83,85
30,41
8,10
53,57
28,30
111,116
12,14
14,20
41,43
155,160
37,43
61,68
41,43
133,138
12,14
11,18
31,33
81,86
58,60
7,13
6,8
13,28
0,7
6,8
10,13
38,40
8,10
8,16
151,157
43,50
54,56
7,9
12,14
11,13
331,339
8,10
3,5
13,19
2,5
33,35
77,81
9,11
45,47
11,15
78,83
172,174
79,87
7,12
59,61
71,77
5,7
8,14
0,7
7,9
54,56
209,211
20,22
25,27
15,22
62,64
6,12
40,42
45,47
180,187
252,259
8,10
224,231
76,82
12,21
51,59
71,77
2,11
165,176
65,76
339,345
143,149
393,408
37,39
49,55
55,58
26,28
63,68
2,5
100,106
8,16
95,98
8,10
83,85
105,107
8,10
0,6
7,9
269,274
29,31
246,256
16,18
48,55
0,2
26,28
197,199
15,23
8,10
26,31
51,58
6,8
69,71
206,212
110,116
34,36
29,33
17,22
151,158
7,22
0,3
70,82
33,40
207,209
8,15
67,73
72,79
107,114
39,41
6,8
6,8
38,45
78,85
67,69
0,2
58,60
88,94
229,236
35,37
20,23
34,36
49,56
7,9
71,77
25,30
6,13
267,274
20,25
210,216
18,24
8,10
42,47
0,4
8,17
243,249
37,43
0,4
125,132
136,142
30,36
60,68
0,4
29,41
54,60
4,6
171,178
47,54
30,32
12,14
0,6
0,2
136,141
28,30
68,74
21,23
36,43
12,15
8,10
99,105
113,125
29,36
42,50
15,17
50,55
62,64
81,85
94,101
24,26
12,14
41,47
26,32
259,263
17,19
25,27
28,38
26,31
41,43
147,159
6,8
41,43
6,21
45,52
79,90
117,119
38,40
13,15
20,31
7,9
20,27
93,99
27,33
127,134
9,15
46,48
154,156
2,8
2,7
59,61
23,28
20,25
10,13
3,5
90,94
60,68
56,63
56,63
12,14
87,89
36,43
110,120
0,3
98,100
12,18
62,74
42,49
100,106
121,127
63,70
72,79
7,13
33,39
13,15
34,41
42,49
213,220
147,149
6,8
202,204
6,12
2,8
20,22
12,14
158,168
104,111
102,104
31,33
0,2
18,20
83,85
80,89
9,11
7,11
53,60
74,76
57,63
224,231
114,120
8,23
12,14
2,5
10,12
95,97
11,21
17,22
48,52
80,82
48,50
147,153
206,212
41,43
15,22
138,140
15,17
210,218
28,30
60,71
200,203
0,6
0,3
383,387
32,38
0,7
224,231
71,77
52,54
12,14
147,159
39,44
13,15
10,12
7,9
185,191
46,52
8,10
43,45
38,43
190,197
83,85
23,26
23,28
21,23
48,50
5,7
123,130
4,9
8,10
106,113
59,66
24,33
155,157
36,38
50,57
7,9
0,13
110,112
224,230
0,5
0,12
7,12
72,77
115,117
36,38
219,229
29,31
7,11
108,114
35,37
87,94
170,176
32,45
37,39
133,144
27,34
37,39
0,5
12,14
33,35
131,135
10,13
164,171
41,45
6,8
70,78
19,21
38,44
243,249
6,11
6,8
243,249
198,204
43,45
106,113
34,36
37,39
11,17
77,81
8,10
48,55
214,222
109,116
186,193
42,45
6,8
118,120
11,15
57,64
118,126
25,31
6,8
6,8
115,121
23,30
75,77
14,16
8,10
13,19
2,4
7,9
18,20
8,10
32,39
31,38
11,21
40,48
50,56
288,294
31,33
100,106
184,188
22,27
38,40
98,100
19,22
294,301
15,17
32,34
26,29
74,81
20,22
60,62
74,81
6,8
36,41
121,127
33,40
117,124
117,119
32,39
231,237
15,17
5,7
118,126
77,84
240,247
11,16
32,38
5,14
8,10
91,97
0,5
72,79
78,82
33,35
6,8
251,253
19,23
51,53
100,107
66,69
12,19
17,23
49,54
8,10
131,146
20,22
0,20
45,47
15,17
162,168
72,78
18,20
4,10
104,110
19,21
15,24
122,128
88,95
160,167
179,185
6,8
7,14
132,135
8,10
146,158
30,37
230,238
0,6
25,40
6,8
204,206
34,41
0,2
32,34
32,38
153,162
217,224
132,135
7,9
0,8
80,85
43,48
2,4
4,10
2,14
4,9
0,2
175,177
107,111
18,21
13,18
27,35
2,8
27,34
110,120
177,188
15,17
26,28
73,75
105,116
22,29
21,28
8,10
74,81
69,75
7,15
7,14
3,5
7,9
62,64
88,92
14,23
60,66
0,7
14,16
7,9
13,24
90,97
79,87
0,3
21,26
10,12
34,41
17,22
8,11
73,77
20,25
45,52
93,99
83,90
84,91
4,11
25,29
172,174
277,283
6,8
88,95
4,6
167,169
169,189
29,32
12,14
73,81
41,52
47,51
214,220
5,8
26,33
34,36
229,236
18,20
54,56
2,9
0,3
9,12
114,129
231,239
0,2
51,58
26,35
34,36
26,28
10,12
34,36
9,11
17,24
225,232
173,176
122,128
169,189
172,174
25,32
108,114
20,25
30,32
63,69
70,72
81,86
55,58
176,182
76,83
195,197
34,40
53,55
213,219
6,8
27,33
74,78
10,13
106,113
103,106
154,156
18,24
36,38
173,176
108,113
55,57
23,25
21,24
16,18
98,104
6,8
37,39
0,6
10,12
15,17
4,9
156,161
104,112
37,39
40,52
5,11
200,208
11,26
26,28
89,91
83,85
4,9
31,33
76,83
113,120
7,16
83,85
74,76
6,8
53,60
122,129
42,44
10,12
71,77
94,100
267,272
93,95
21,41
92,97
394,409
38,48
10,12
82,89
11,19
26,33
29,31
24,32
193,196
39,41
9,14
42,44
84,91
31,33
65,72
18,23
2,4
50,57
59,61
23,25
30,35
112,118
245,247
32,39
12,14
17,22
89,107
63,68
53,58
106,112
63,70
95,98
4,12
0,5
27,29
65,70
134,140
64,66
70,81
119,127
41,50
29,35
0,6
3,5
41,47
294,301
15,17
6,8
152,154
76,86
44,46
207,212
66,68
38,46
107,111
71,78
11,17
54,57
212,222
23,30
67,72
36,44
18,20
48,52
225,227
12,14
0,9
10,13
188,194
13,15
56,58
26,28
207,212
9,12
5,11
18,24
28,39
18,30
12,18
34,37
149,156
196,199
105,109
131,137
104,112
17,23
0,5
13,19
33,38
25,27
123,130
12,17
166,168
58,60
2,6
8,10
107,114
40,42
28,30
118,120
63,78
70,76
38,49
219,229
6,8
12,14
49,51
136,142
21,23
10,14
2,14
13,19
108,115
3,5
0,3
79,83
5,10
7,14
136,142
15,17
15,22
98,104
5,8
20,23
264,266
8,14
12,14
28,34
63,65
34,36
26,30
0,3
8,14
73,84
2,14
323,326
86,97
15,17
162,168
20,29
236,243
31,38
204,207
0,12
69,71
140,146
15,17
41,43
167,173
87,92
14,16
39,41
6,8
19,24
7,10
98,103
49,55
105,107
131,133
190,206
25,27
7,12
6,9
0,5
111,113
209,213
17,23
6,8
3,5
31,38
180,187
51,59
270,276
264,269
97,105
137,144
6,8
0,7
4,9
78,80
146,158
4,9
19,21
16,18
190,192
53,58
200,203
83,85
56,63
63,68
67,74
5,10
20,22
72,75
65,76
79,81
30,36
10,12
34,36
20,26
24,26
180,187
133,135
27,29
70,75
187,194
188,195
147,153
27,34
93,100
48,54
208,219
8,10
43,45
78,80
11,13
169,171
44,46
10,17
109,115
17,19
7,11
8,10
0,6
45,52
33,39
21,24
5,11
6,8
57,59
5,7
160,167
276,282
17,19
0,8
127,133
73,80
48,51
92,97
2,5
90,94
24,39
32,37
57,64
62,69
58,65
77,79
44,46
11,18
25,31
52,54
50,56
99,111
116,120
186,188
2,4
196,202
183,194
89,91
23,27
118,124
210,216
25,36
50,52
82,94
30,36
228,236
183,187
35,47
8,10
79,81
34,36
6,8
37,51
22,29
9,16
64,69
2,4
60,67
20,27
163,165
77,84
14,16
85,96
6,8
95,102
42,44
6,8
71,73
20,26
31,36
14,19
37,43
47,49
23,25
156,158
39,41
64,70
87,95
7,9
189,191
28,30
14,21
81,88
73,76
80,85
32,34
1,7
15,21
96,101
19,21
21,24
323,326
38,40
27,36
98,102
18,20
34,36
132,138
164,166
107,112
51,59
108,114
140,147
172,174
74,80
8,10
72,79
62,68
10,15
24,27
7,13
17,19
27,29
58,60
7,9
10,17
54,56
70,77
243,249
62,64
63,68
26,33
2,4
6,8
7,13
168,175
52,59
67,71
113,125
26,28
32,34
2,8
14,16
27,30
73,80
8,10
61,71
13,18
8,10
59,61
24,29
17,26
77,82
157,168
36,38
80,82
9,12
73,78
30,37
313,319
21,26
113,123
59,73
47,52
71,73
0,7
6,8
13,20
181,191
8,10
71,73
51,53
65,71
303,308
97,103
24,26
33,38
56,63
304,311
6,8
158,160
124,129
0,4
156,158
37,42
37,51
28,30
6,11
214,220
0,2
8,10
12,19
344,351
5,7
117,119
15,22
101,103
53,56
43,54
8,10
0,2
40,47
125,128
96,104
36,40
9,11
13,19
17,23
25,29
24,26
14,16
86,92
122,129
71,77
65,70
32,34
7,12
148,150
53,55
51,57
56,62
62,69
14,16
20,27
147,153
33,35
0,3
90,94
319,326
5,7
64,70
183,185
92,98
73,81
191,197
8,10
10,12
105,110
22,24
117,119
53,60
85,93
10,12
196,198
6,8
109,113
148,150
212,219
310,316
161,176
14,16
180,187
6,12
7,9
159,161
69,76
7,9
37,41
84,86
111,127
180,187
14,20
28,35
59,61
0,3
76,81
47,51
119,125
26,31
12,18
99,105
9,11
35,37
0,6
8,10
0,6
162,166
6,8
18,20
100,107
6,8
56,58
18,21
55,63
125,137
196,207
37,42
2,4
117,124
12,14
190,206
7,10
7,14
72,79
9,11
6,13
60,62
23,29
26,28
112,118
121,129
10,12
6,8
9,14
5,7
8,10
6,8
123,127
2,4
0,8
44,50
105,112
71,77
12,14
23,25
18,20
19,24
266,272
0,7
70,75
38,49
123,129
151,158
152,154
158,165
95,102
206,213
29,31
1,3
111,117
139,154
38,41
101,108
58,60
6,8
37,39
95,102
52,59
34,36
116,120
69,78
35,40
0,2
15,20
13,15
12,18
51,56
37,39
9,15
16,23
93,100
63,74
12,14
119,127
158,165
66,74
48,53
43,45
6,8
29,31
198,205
17,23
11,17
2,6
8,10
134,136
248,254
22,37
21,23
32,36
8,10
0,20
204,210
6,8
87,93
4,10
55,62
11,13
2,4
0,3
51,59
160,162
6,8
34,36
13,19
49,51
89,91
10,21
6,12
175,181
127,129
18,20
109,113
98,100
226,231
0,6
21,23
15,20
50,56
13,19
36,38
188,191
11,13
64,70
0,2
22,24
13,15
70,75
41,43
6,8
20,27
57,62
5,7
5,9
28,36
11,13
41,43
100,102
6,8
186,187
32,38
31,37
108,114
46,48
69,75
11,18
175,181
31,38
151,158
7,13
74,81
80,87
119,130
95,101
7,13
18,25
6,8
43,45
73,77
2,6
31,36
189,196
112,114
5,7
6,11
17,23
35,40
0,3
220,227
0,6
33,40
8,10
77,82
7,9
17,22
0,2
252,259
118,125
0,5
97,109
7,16
83,90
60,66
8,23
27,31
12,19
10,12
88,94
12,19
2,9
79,85
43,45
30,32
3,5
14,20
12,14
44,46
55,66
58,63
8,10
156,160
55,60
60,74
38,40
53,62
71,73
127,138
162,167
6,12
94,100
130,136
8,10
36,42
23,29
225,232
126,128
24,27
62,64
8,10
6,8
3,5
12,24
142,144
38,53
282,286
34,36
204,206
0,2
24,31
35,37
76,86
7,9
26,29
12,18
7,19
90,94
66,68
12,14
53,59
0,7
56,61
86,98
7,9
67,75
43,45
9,11
6,8
26,31
56,58
79,85
391,396
0,13
60,66
53,60
68,78
6,12
47,53
30,37
80,87
60,68
6,8
7,12
83,91
9,11
32,39
132,138
10,16
46,48
8,11
6,8
0,3
0,8
347,352
82,84
310,316
6,12
46,48
6,8
72,78
6,8
4,6
23,25
7,9
9,15
68,74
5,8
72,78
6,8
154,160
53,55
9,11
25,31
56,58
43,45
2,9
66,68
106,113
20,27
33,39
85,90
158,162
79,81
53,60
51,60
75,77
51,53
0,5
6,8
51,55
10,12
29,31
65,67
7,9
32,38
29,35
6,8
123,130
61,66
122,127
74,76
53,59
49,57
59,61
85,87
13,20
62,64
52,55
90,93
116,122
9,15
25,30
172,178
57,68
90,94
189,195
12,25
16,21
18,24
87,93
14,16
5,7
53,55
89,96
3,5
18,26
16,20
59,65
93,100
104,111
162,168
0,9
10,12
7,13
47,54
10,12
50,52
10,15
24,31
114,120
25,27
23,28
18,20
4,10
76,78
19,25
23,29
13,24
155,157
20,31
84,92
27,29
0,7
22,27
6,20
0,3
116,123
7,14
49,51
0,12
13,15
0,7
22,24
199,206
50,56
43,51
82,92
13,18
6,8
134,140
146,158
27,29
104,109
74,76
14,16
15,17
20,27
69,71
65,67
111,114
41,46
34,36
197,202
103,110
310,317
207,222
14,16
89,96
51,57
31,33
5,9
38,43
119,125
243,249
26,28
11,13
74,81
24,30
0,3
92,94
78,85
6,8
65,67
331,337
23,25
6,9
137,144
146,148
21,23
68,70
12,14
280,287
4,8
14,16
83,90
39,47
2,5
80,91
61,63
6,8
112,118
140,146
8,10
6,12
24,39
6,12
44,51
127,138
20,22
53,60
29,31
15,17
21,23
131,137
162,164
50,52
2,8
62,69
13,24
4,9
16,18
202,204
14,18
64,70
27,32
18,25
6,8
0,5
138,145
118,125
78,81
38,43
5,7
9,15
331,337
35,40
40,47
5,12
74,81
34,36
310,312
257,264
92,94
2,5
7,9
57,64
32,39
14,16
117,123
219,225
7,9
21,23
31,33
10,12
34,36
24,29
55,57
131,133
5,14
6,8
48,50
95,101
0,11
77,82
394,401
12,18
137,140
0,6
32,34
118,123
122,127
27,29
58,64
59,64
115,121
250,252
0,2
184,195
20,23
0,4
17,19
310,317
146,158
122,131
16,18
0,2
39,41
90,98
0,5
15,17
83,85
2,5
107,112
9,15
99,110
18,20
14,16
28,30
6,8
26,28
30,36
7,9
59,61
51,53
5,10
36,38
61,68
0,3
59,61
2,9
12,14
188,191
25,31
12,18
62,64
270,277
25,27
152,154
0,2
10,12
56,61
7,13
32,34
24,30
2,5
32,37
10,21
4,9
8,10
53,64
78,83
8,10
203,210
0,6
2,5
69,71
107,113
74,81
37,51
71,80
53,55
12,14
0,9
8,10
351,357
17,22
21,28
113,120
125,131
30,33
51,53
2,8
47,54
10,15
51,56
35,42
135,142
25,27
23,30
15,17
0,6
14,16
28,33
9,16
13,18
17,20
270,276
18,24
0,1
176,182
5,7
152,154
10,15
209,215
72,79
124,134
79,86
53,60
6,11
133,140
31,36
4,20
172,177
53,57
119,130
41,49
0,2
24,30
0,5
225,232
13,15
40,42
23,25
384,390
24,26
32,34
20,31
48,53
83,93
243,249
7,9
7,9
17,21
50,52
8,10
14,21
45,51
41,43
16,22
0,3
27,29
38,42
10,12
0,7
128,134
37,43
13,15
61,66
10,12
35,41
69,75
38,46
13,15
0,5
106,113
3,5
45,48
215,222
96,103
8,15
22,24
10,13
188,194
0,3
54,57
159,167
92,99
147,154
22,28
