6,8
18,20
204,210
78,81
38,41
87,94
13,15
63,69
56,64
21,23
4,7
101,103
45,50
18,21
59,66
0,6
50,55
222,228
0,5
53,59
282,286
124,131
101,103
80,82
5,7
32,38
5,7
7,9
10,17
25,27
17,19
6,8
5,7
91,98
6,8
6,8
307,311
2,5
7,19
7,9
10,12
113,118
8,10
75,82
153,155
156,158
22,27
129,139
23,30
5,7
8,10
105,111
63,66
11,14
59,61
17,23
14,20
6,8
18,20
5,7
119,125
31,37
7,9
81,88
6,12
74,85
0,4
44,46
15,25
8,15
3,8
184,190
6,8
26,30
5,8
6,8
18,20
12,14
6,11
126,133
15,20
117,123
33,35
156,163
38,40
124,135
23,25
127,134
3,5
59,61
16,23
56,61
45,50
96,100
0,6
0,7
0,3
54,61
102,105
91,93
14,16
75,79
74,79
7,13
167,175
271,274
124,135
0,3
13,18
0,10
224,232
47,53
7,10
6,8
27,34
114,119
20,31
4,6
19,21
231,236
153,162
23,28
34,41
2,8
8,15
0,4
79,85
54,60
28,30
228,236
162,168
16,18
8,10
131,133
31,37
0,11
7,17
106,112
8,12
25,27
19,26
152,163
8,10
40,45
5,10
10,12
24,27
96,103
73,79
173,180
286,292
59,61
90,94
192,199
198,202
10,12
106,113
0,3
164,166
35,40
202,205
13,20
0,3
55,57
14,20
10,12
16,20
211,214
9,21
79,85
6,11
68,75
29,35
39,41
175,181
139,143
14,16
119,121
0,3
18,20
15,30
47,51
24,33
12,14
38,43
160,168
0,7
12,19
162,164
18,20
28,31
3,8
6,8
11,13
156,162
132,139
122,129
195,203
170,173
6,8
2,11
66,74
10,14
0,2
0,6
36,38
6,8
6,8
138,145
73,80
22,24
276,282
188,194
151,161
0,11
64,66
9,19
29,31
243,250
18,20
5,7
9,14
12,18
207,214
185,192
17,23
2,5
19,21
231,236
6,8
6,8
25,31
60,67
75,82
22,26
10,12
55,59
30,32
47,52
0,3
16,22
58,63
25,27
0,7
6,8
215,221
37,39
178,180
29,31
8,10
23,25
0,6
71,74
84,90
132,143
60,74
111,116
90,97
83,89
6,8
34,41
6,8
6,11
42,44
31,33
205,212
30,38
0,8
36,38
210,217
148,159
56,63
219,225
13,15
0,2
255,262
55,58
51,58
72,79
29,35
40,42
5,10
6,8
6,8
27,35
51,54
24,26
90,97
16,18
121,127
31,36
18,20
8,14
10,12
18,21
166,181
315,321
30,36
0,6
15,17
17,20
12,14
97,112
93,100
27,42
291,306
34,36
130,132
57,62
8,10
5,7
46,53
9,11
262,268
55,58
34,36
7,10
21,23
252,259
145,152
6,8
26,28
28,32
17,19
29,33
7,10
6,8
84,91
21,24
41,45
2,5
12,14
50,55
7,9
71,73
6,8
17,23
64,75
0,2
12,19
83,85
28,30
52,58
153,160
0,3
87,93
29,36
8,10
4,10
15,17
127,129
27,32
14,16
54,59
7,9
10,12
11,15
22,24
7,9
66,75
23,30
7,11
10,21
2,6
0,12
121,128
27,29
87,98
2,5
42,44
9,13
322,326
44,51
52,54
41,46
0,6
6,13
24,31
16,18
72,75
31,33
25,32
194,199
189,191
2,9
76,82
85,90
88,90
54,60
24,32
90,97
74,76
6,8
47,49
0,3
15,29
33,35
26,28
5,10
32,34
50,61
150,161
44,53
9,11
7,9
8,10
8,10
22,27
107,111
29,35
0,1
79,83
25,27
0,6
14,16
5,7
113,124
8,10
100,107
73,77
8,10
61,67
37,42
13,15
38,49
26,29
320,327
18,23
139,147
120,122
52,59
9,16
62,64
2,4
19,31
112,114
30,32
13,15
9,11
24,26
53,55
28,33
6,10
33,39
14,18
54,56
264,274
4,10
23,30
51,53
32,39
120,122
141,148
18,20
54,58
31,37
2,5
31,36
2,5
71,75
17,23
34,36
2,6
42,44
98,105
5,12
14,16
8,10
43,48
182,185
109,117
184,190
7,9
5,7
29,36
47,54
63,69
8,10
20,29
192,203
40,51
11,14
9,11
10,16
88,92
53,58
176,183
5,10
0,6
184,190
188,194
88,96
244,259
85,93
0,4
34,38
0,5
15,17
17,21
2,12
51,53
296,300
88,90
6,8
57,59
119,129
32,38
4,6
77,84
113,120
18,23
12,17
40,52
8,10
0,2
142,148
21,32
11,15
47,52
8,10
6,8
38,40
6,12
0,3
50,57
5,7
46,54
34,40
12,17
112,118
70,77
30,32
0,7
5,10
311,318
6,8
32,34
2,10
38,40
132,140
101,112
62,69
10,12
12,14
0,3
390,409
6,8
31,40
6,8
331,339
237,243
10,12
44,46
79,81
18,20
28,30
95,101
14,18
38,40
127,138
7,15
117,128
38,44
22,24
6,13
6,8
3,5
133,140
208,214
43,49
72,77
155,162
109,115
17,27
8,15
36,41
70,75
73,80
6,8
74,76
17,19
6,8
24,27
181,194
143,145
43,45
72,86
86,88
8,10
38,43
89,97
2,5
27,32
99,101
69,76
87,93
61,63
23,25
68,79
190,197
29,31
63,68
58,65
12,14
209,220
0,3
100,105
103,117
136,141
5,7
44,51
6,8
15,22
49,55
16,18
62,64
21,23
66,73
80,85
139,146
14,16
6,8
0,3
48,51
10,12
62,68
0,6
152,154
18,23
0,8
77,92
15,17
59,61
31,43
0,2
56,58
46,48
14,20
7,9
10,12
63,69
259,263
4,7
69,75
76,82
37,39
6,8
78,84
30,35
89,91
17,23
56,63
8,10
200,206
8,10
13,19
2,4
43,49
148,153
59,61
2,5
47,49
19,25
20,26
3,8
0,11
8,10
29,34
0,6
19,24
11,13
7,9
8,10
20,27
54,61
14,18
79,83
10,12
84,86
65,71
31,40
13,16
11,18
54,65
48,55
285,296
27,32
18,20
54,61
35,42
157,164
147,155
75,82
55,57
8,10
14,21
159,173
23,28
11,13
6,8
32,39
38,40
181,192
19,24
91,98
6,9
0,4
19,21
23,25
6,8
15,17
0,6
118,124
68,78
7,16
7,9
90,93
7,9
5,7
181,188
189,196
306,312
5,16
256,258
98,105
31,37
100,105
7,9
8,10
27,29
2,4
66,69
42,46
47,53
42,44
30,37
169,176
103,105
27,34
89,95
36,40
42,44
336,343
136,147
141,143
16,21
0,5
206,209
176,183
20,22
52,59
46,48
161,167
209,211
6,15
15,17
131,137
51,59
28,34
8,10
21,23
12,14
45,56
0,8
8,13
15,17
0,3
132,138
50,52
36,43
79,85
10,12
215,221
22,24
11,17
33,38
18,20
6,8
79,86
2,5
41,44
228,232
107,118
80,87
58,65
78,80
132,139
25,32
25,27
27,33
2,5
66,68
39,50
21,23
18,25
38,40
0,4
8,10
8,10
44,58
2,13
85,92
96,102
0,6
52,54
8,10
14,19
10,12
93,100
154,156
0,6
13,15
147,150
26,28
6,11
21,26
22,24
53,55
25,30
11,13
6,8
17,23
8,10
186,197
37,44
17,24
0,3
8,15
56,58
13,15
37,44
27,29
0,3
8,10
110,116
32,38
7,9
20,22
178,183
51,53
14,18
123,128
40,47
7,14
14,16
66,69
66,68
11,14
22,24
5,7
6,8
27,29
0,4
4,14
8,10
117,123
175,183
5,10
170,176
10,12
16,18
196,200
0,3
291,302
55,57
71,78
68,70
12,14
64,70
0,5
0,5
0,7
166,168
7,9
25,33
41,48
30,35
2,5
45,52
149,157
119,125
41,47
36,43
0,7
20,35
43,45
108,111
45,47
8,14
0,3
159,166
24,29
13,15
10,12
0,2
0,3
9,11
32,39
206,211
0,8
17,19
8,14
23,28
51,53
0,12
18,20
137,148
4,7
13,18
55,61
10,18
225,237
11,13
85,92
148,155
0,2
129,144
82,88
189,191
115,121
9,11
7,9
7,12
43,45
51,53
17,25
34,36
25,36
196,198
7,9
107,109
169,175
13,21
41,48
146,148
94,101
210,215
70,72
152,163
97,105
97,112
42,44
19,23
269,274
5,12
20,24
280,291
49,55
17,19
13,20
14,25
20,25
23,25
30,35
67,74
240,245
25,27
2,4
70,76
70,77
34,36
7,9
338,345
17,24
50,57
151,157
59,61
10,16
71,73
32,45
8,10
68,70
91,97
17,19
20,22
63,65
9,14
8,10
49,51
18,20
42,49
278,284
25,27
20,22
114,121
22,27
34,36
201,208
12,14
41,43
29,31
12,14
164,171
49,51
39,46
140,147
288,293
227,232
92,98
52,58
5,8
167,173
7,9
185,187
71,78
156,163
46,48
22,28
303,314
18,22
31,33
6,8
127,131
326,330
44,50
198,205
16,18
9,11
38,42
23,28
41,48
26,28
7,13
79,82
121,128
127,133
0,6
9,11
233,240
43,47
130,137
111,117
46,51
63,68
95,101
13,18
10,12
0,6
76,83
188,199
18,21
99,104
106,111
0,2
7,12
54,60
41,48
25,27
74,81
53,60
22,24
33,39
15,17
61,66
127,133
142,144
123,125
111,113
8,10
17,24
49,51
80,82
2,4
6,8
23,30
6,8
6,8
10,12
17,22
84,91
55,63
5,7
76,83
54,59
179,186
104,106
2,14
8,10
31,38
261,269
7,9
5,7
45,47
33,36
339,346
67,78
22,29
31,43
21,28
57,59
3,5
62,68
6,12
146,158
33,39
68,75
54,59
8,10
58,62
3,10
48,50
10,12
53,60
38,53
8,10
32,38
8,10
150,157
285,293
9,14
28,35
147,154
111,118
31,36
21,26
13,18
10,12
67,74
0,12
12,14
39,44
432,436
0,3
45,52
48,50
18,20
7,13
243,249
21,23
169,171
5,14
53,60
7,14
0,12
59,61
65,72
74,81
391,396
53,59
5,16
138,145
18,20
41,46
50,56
7,9
31,33
98,100
89,99
25,27
45,47
66,74
71,75
30,35
325,335
34,42
86,97
108,114
77,79
120,130
0,2
0,8
139,145
6,8
4,10
101,106
0,3
2,7
6,17
91,93
111,117
134,139
20,22
7,9
0,8
50,52
33,40
24,31
153,155
106,114
5,10
54,61
180,186
0,3
73,80
39,41
6,11
13,15
18,26
10,12
8,10
2,5
6,8
19,34
132,138
63,71
2,7
182,188
6,8
69,76
18,24
97,99
28,30
21,28
3,5
60,62
28,34
27,29
121,123
7,9
7,9
213,217
62,69
50,55
63,68
8,13
46,48
85,91
80,87
37,44
0,7
41,43
154,159
17,24
97,104
15,17
10,17
9,11
90,97
37,49
6,8
307,314
21,34
14,16
34,42
38,40
38,46
38,44
31,33
6,8
4,10
0,2
72,79
23,29
8,10
11,17
178,182
8,13
175,181
7,9
15,25
2,7
5,7
112,126
56,58
6,8
8,10
34,43
223,234
15,17
82,88
38,49
5,7
8,10
6,8
13,15
44,46
7,9
2,8
0,7
25,33
3,5
70,82
27,29
1,3
7,19
100,104
74,76
62,69
112,118
2,7
171,175
6,9
135,139
0,3
124,137
132,138
6,13
53,68
103,110
27,29
57,63
45,50
103,110
22,24
98,107
8,10
38,40
35,37
0,4
21,27
164,169
17,19
49,55
0,2
68,74
83,89
20,22
0,7
172,178
61,67
117,120
13,21
31,33
24,26
249,256
171,176
219,225
0,5
6,8
78,80
90,94
119,121
0,3
58,60
0,2
5,7
57,59
0,3
10,15
135,138
23,26
129,136
105,107
8,10
359,363
105,116
26,31
28,30
66,68
95,100
26,28
56,63
0,4
32,38
0,2
133,135
408,414
18,30
187,195
87,94
8,10
37,45
10,12
98,104
89,95
2,6
33,35
10,12
14,16
0,2
300,304
13,15
65,67
210,214
10,12
14,16
277,283
34,39
14,16
43,45
6,8
122,124
14,18
7,10
58,63
37,45
66,71
54,57
14,16
18,20
96,103
29,37
122,128
67,74
39,42
25,27
0,2
12,14
119,130
71,73
152,154
48,52
291,295
5,7
7,9
19,21
46,51
5,11
34,40
2,10
32,39
79,81
143,150
229,241
153,159
59,61
0,2
6,8
100,106
7,9
5,7
6,8
115,122
29,31
33,35
60,67
39,43
8,10
81,86
0,4
8,10
19,21
12,18
0,3
169,176
65,76
26,28
167,172
81,83
54,61
10,13
10,12
41,47
16,18
12,17
38,42
15,20
7,9
57,62
54,59
17,22
10,12
58,60
10,12
77,85
148,155
8,23
141,144
231,237
44,46
28,30
45,56
158,164
0,3
61,68
6,8
12,14
4,9
4,7
16,21
18,24
44,60
7,13
7,9
34,42
220,225
34,41
19,26
12,14
86,96
60,66
26,28
9,16
54,61
12,14
21,25
6,8
16,23
23,30
71,77
43,49
8,10
0,8
93,95
35,41
96,98
245,252
47,52
20,27
19,27
6,8
8,10
10,12
7,9
17,22
14,20
7,18
70,72
81,87
37,39
100,111
20,22
13,15
91,96
6,8
6,8
21,23
145,156
14,22
184,189
189,195
2,7
59,64
105,108
7,9
8,10
37,39
38,40
71,77
66,68
7,16
10,12
21,23
19,24
57,66
34,40
2,4
87,98
8,10
19,24
107,113
0,2
2,4
7,14
18,20
281,292
330,332
67,72
50,55
0,3
61,67
76,86
2,4
57,64
54,65
191,197
113,120
6,8
49,56
86,91
120,129
41,50
18,30
92,99
11,13
46,49
36,43
69,75
51,59
20,22
6,8
63,68
17,23
107,110
27,29
14,20
12,14
173,181
68,70
17,22
201,205
95,97
155,157
85,91
77,79
153,157
0,6
133,137
155,161
8,10
52,59
6,8
190,197
51,58
87,94
11,13
42,48
118,129
14,16
95,100
14,16
108,115
13,18
38,44
81,88
134,145
80,82
44,56
90,97
6,8
10,12
11,13
10,16
67,71
7,9
9,11
37,44
34,36
8,10
7,12
240,251
62,64
16,30
108,114
23,29
60,67
98,107
6,11
108,113
15,21
108,110
118,122
2,4
80,90
76,78
7,9
2,7
2,4
7,9
229,240
229,232
0,4
5,7
114,121
7,10
73,79
9,20
33,35
5,7
109,115
81,85
136,142
91,98
348,354
124,126
0,3
210,216
33,37
110,112
24,31
210,214
2,5
17,19
43,48
2,9
72,77
5,7
61,66
39,41
7,12
138,142
111,116
127,129
12,14
16,18
15,22
8,10
69,71
219,230
8,10
36,38
127,129
202,208
152,158
11,13
65,76
259,270
10,15
54,56
22,24
24,26
8,10
8,10
0,3
68,76
115,125
0,5
320,328
79,86
8,10
76,81
15,17
118,123
109,116
122,128
14,16
222,229
2,6
0,4
6,8
0,6
45,50
383,390
35,37
18,30
12,17
39,46
102,104
7,12
80,85
5,16
160,171
0,6
8,10
0,6
45,52
6,11
290,301
51,53
150,152
278,293
146,157
51,63
8,15
457,464
18,20
239,246
27,32
106,114
0,6
149,156
139,141
19,21
149,154
96,103
12,14
12,14
3,9
232,239
0,2
84,86
19,24
6,8
7,13
26,28
455,457
11,16
68,70
7,19
8,10
133,143
15,20
317,322
184,194
322,332
34,39
10,12
139,145
44,60
206,213
8,10
0,6
31,33
26,30
12,27
45,47
196,199
63,65
8,10
0,5
39,44
10,12
27,34
11,16
12,18
47,58
39,41
44,46
113,120
100,111
6,8
6,8
367,370
145,152
101,107
100,102
14,19
27,29
0,10
47,50
18,25
0,6
5,9
10,12
35,42
17,23
167,171
119,126
6,8
63,69
2,7
41,43
39,45
36,41
16,21
202,204
42,49
78,83
80,82
176,191
223,230
116,118
171,177
0,8
122,129
4,9
210,215
104,106
19,30
137,144
43,45
28,29
228,236
127,142
25,27
0,11
407,410
237,243
8,10
19,21
0,6
0,6
145,147
22,24
2,4
14,21
11,16
119,124
31,33
26,32
79,86
63,69
82,85
2,4
47,53
99,105
0,2
8,10
15,22
171,178
226,231
5,12
250,255
5,7
11,13
265,275
0,2
100,107
214,220
39,44
11,13
8,10
30,36
61,72
7,16
87,102
122,127
134,140
7,9
109,115
18,20
38,43
317,324
7,9
7,9
5,12
7,9
19,21
91,95
14,16
140,146
104,109
0,2
19,26
63,65
37,41
218,224
24,31
17,19
46,50
29,31
32,34
79,85
9,12
30,37
28,33
0,3
202,209
9,11
5,15
16,26
46,48
180,191
7,9
105,110
4,6
14,16
37,43
18,20
12,25
55,62
71,78
26,30
74,80
17,19
75,77
108,112
17,22
179,185
131,146
12,15
12,14
76,81
46,50
9,12
7,11
129,135
222,224
8,10
331,338
59,64
156,166
49,59
25,30
8,14
72,74
176,182
8,23
63,74
59,65
185,191
12,19
32,37
8,10
140,143
157,164
98,103
36,38
50,56
35,42
65,71
27,34
59,61
152,158
8,10
20,23
81,83
44,46
145,152
180,184
6,12
0,5
32,34
7,9
60,65
2,5
10,12
183,189
24,31
25,28
12,14
103,106
223,230
141,149
6,9
34,39
0,2
0,9
21,23
24,26
153,160
0,3
53,57
0,3
70,75
243,245
237,242
2,7
34,36
8,10
30,32
8,10
80,87
96,98
64,70
23,28
36,38
35,43
105,111
33,36
225,232
55,62
54,56
0,2
22,27
7,9
6,8
2,5
8,10
39,45
65,71
162,164
8,10
8,10
11,13
25,37
62,69
13,28
87,93
60,67
147,152
18,24
128,134
16,18
6,13
53,57
32,34
56,58
18,22
54,68
8,10
23,27
39,50
6,8
24,31
0,6
0,6
11,17
7,22
2,5
76,91
23,30
42,44
7,12
12,20
112,119
55,57
66,73
12,18
224,231
12,14
8,10
57,62
34,36
26,32
7,9
18,23
101,103
40,45
60,62
161,168
24,26
5,7
31,33
105,111
159,170
101,108
8,10
58,60
22,24
7,9
5,7
33,35
73,79
0,12
8,10
38,43
8,10
23,28
8,10
60,67
3,9
215,222
29,31
21,23
162,164
7,9
35,43
204,212
18,24
8,10
6,8
116,118
63,74
189,195
35,42
144,146
90,93
9,16
48,54
93,100
2,7
10,12
7,10
33,40
34,36
34,36
24,26
6,8
2,4
217,222
25,27
73,80
33,35
0,5
3,10
9,11
6,8
31,38
6,8
49,55
174,182
227,229
53,55
14,17
6,11
17,24
127,134
148,150
24,29
119,125
9,11
11,15
10,12
18,23
13,15
6,8
68,75
7,12
54,56
211,217
36,41
51,55
38,48
43,45
109,116
7,9
0,5
6,8
51,53
27,30
79,86
60,66
95,101
29,31
17,23
19,24
72,74
7,12
10,25
5,7
12,17
30,32
136,141
10,12
73,75
165,169
6,8
92,100
102,109
12,19
27,35
20,28
13,24
60,67
31,36
11,16
291,297
144,149
142,144
52,58
71,78
24,26
27,29
12,15
0,2
96,101
23,25
8,10
53,58
8,10
9,14
114,119
37,39
8,10
21,23
18,26
151,158
71,74
8,10
33,35
41,48
32,39
5,7
221,228
17,22
155,161
8,10
182,187
123,129
31,37
118,129
26,31
12,14
190,192
12,14
0,2
34,39
44,49
6,8
78,85
38,49
27,29
5,7
6,21
112,119
23,27
124,128
50,55
18,20
38,40
0,2
42,44
45,51
17,19
6,8
50,56
61,69
6,12
27,37
117,123
195,203
43,47
83,88
48,50
0,6
123,130
7,9
0,6
6,12
5,7
55,59
23,38
0,3
47,49
0,7
15,20
73,79
6,8
57,68
84,87
22,25
20,31
167,173
82,94
211,218
116,118
4,10
112,118
7,9
5,7
17,19
48,52
61,63
22,24
38,40
45,47
0,3
295,297
0,7
55,60
37,44
67,72
96,102
38,45
33,40
0,12
20,22
25,30
0,12
113,115
11,18
185,191
56,63
3,5
181,186
12,14
33,44
62,66
127,132
6,20
90,97
69,77
78,89
26,28
11,17
0,6
19,26
7,9
31,46
45,47
105,109
13,15
14,19
189,193
63,72
6,8
42,44
34,41
295,301
154,156
79,90
8,11
33,35
51,58
23,26
39,44
48,55
15,17
20,22
2,4
123,128
12,24
12,21
8,10
4,11
34,36
16,18
9,11
53,55
96,98
7,9
8,10
42,44
93,95
12,14
60,67
98,109
7,13
9,14
22,24
2,4
55,57
19,26
87,95
98,102
29,33
24,31
12,14
16,21
26,28
11,17
77,79
6,8
67,69
104,112
82,88
119,127
96,106
7,9
280,287
119,126
47,49
23,25
322,333
38,46
128,135
244,250
12,17
36,43
92,96
6,8
229,236
25,29
25,31
5,10
19,21
6,8
155,165
29,31
40,46
8,10
80,85
60,68
36,38
16,18
18,20
26,28
26,31
239,242
7,13
31,37
6,8
2,8
245,251
53,55
28,30
183,187
8,10
20,28
7,15
67,69
6,8
8,10
50,55
54,60
22,27
23,25
70,72
164,167
0,3
17,22
136,138
79,81
0,3
8,10
7,11
0,5
35,37
2,4
44,53
202,213
0,6
225,227
162,171
78,80
38,44
18,20
12,19
40,42
24,29
113,120
72,77
176,178
56,58
151,157
13,20
9,11
39,47
13,15
13,15
147,154
50,57
6,8
210,214
79,86
282,289
8,10
0,3
21,27
2,8
297,307
20,22
8,10
13,17
35,40
27,34
7,9
86,88
160,167
94,101
4,6
61,65
41,48
31,33
93,95
8,10
6,8
59,65
7,12
4,10
38,46
91,93
22,25
6,13
14,16
7,9
183,190
184,192
8,16
0,6
17,19
102,104
28,30
37,41
162,168
8,10
76,83
99,106
124,126
30,37
127,129
0,3
75,77
7,12
30,36
7,18
79,90
10,12
12,19
13,15
10,25
35,40
47,52
33,38
62,65
16,19
15,22
19,24
26,28
53,59
14,19
2,9
19,24
129,136
221,227
52,59
61,68
20,22
10,16
32,34
13,24
218,233
121,132
28,34
0,6
10,12
218,220
0,2
14,16
8,14
67,71
52,58
6,8
6,8
291,297
18,30
9,11
38,43
11,13
84,98
8,10
114,120
16,18
2,7
210,212
237,243
12,24
10,12
19,21
203,211
20,22
23,31
45,51
46,52
63,65
42,44
20,23
6,8
6,8
8,10
15,19
8,10
38,40
36,38
0,12
35,40
24,26
20,26
68,70
83,89
8,10
35,40
4,10
13,17
28,31
33,42
8,10
6,8
23,30
35,37
14,16
0,3
77,79
144,155
25,30
0,11
72,79
8,10
41,43
66,69
17,19
25,31
22,37
21,26
196,202
35,38
36,41
58,64
49,51
44,51
12,17
25,27
345,353
17,19
7,12
243,252
177,187
13,15
13,15
0,8
0,2
27,33
159,161
99,106
55,61
201,208
140,142
110,114
41,47
15,26
163,168
337,344
4,10
14,16
23,29
79,87
32,37
8,10
26,28
222,231
6,8
10,12
0,3
109,114
32,34
17,23
6,8
105,117
7,12
8,10
7,12
11,18
9,11
16,18
298,310
13,18
0,6
7,9
8,12
18,25
24,26
20,22
68,74
81,83
8,10
7,9
51,53
103,105
16,22
87,89
44,50
33,39
27,29
59,61
5,7
43,54
10,12
70,81
2,6
56,63
71,78
8,12
31,38
6,8
20,22
10,12
77,84
129,135
39,41
55,62
14,16
11,13
10,12
16,21
106,108
18,24
34,46
92,101
82,88
36,47
65,69
47,51
0,2
36,41
148,150
103,114
69,71
28,33
57,64
5,11
75,82
18,20
43,48
0,6
6,8
74,81
12,17
6,8
339,346
22,29
2,5
104,115
11,13
8,10
67,74
20,22
68,73
6,8
135,137
8,13
40,42
13,21
34,36
7,19
211,214
32,35
32,39
4,9
73,80
115,122
93,95
28,33
13,18
9,11
254,260
45,53
29,31
64,69
8,10
7,9
423,430
73,80
23,25
12,14
103,110
120,126
14,16
9,16
181,192
57,70
111,113
48,54
33,35
77,89
5,7
10,12
86,98
42,46
19,21
39,41
13,18
7,12
16,23
15,17
2,5
10,12
12,14
6,8
93,95
15,26
97,99
14,16
0,6
174,185
0,3
12,14
122,129
12,19
317,332
39,41
13,16
27,31
17,19
148,154
22,29
135,137
40,46
165,172
10,16
6,8
15,23
0,3
87,89
116,118
95,99
79,94
68,75
166,173
15,17
7,9
10,12
22,24
47,52
60,66
40,46
199,203
7,12
45,52
10,13
33,35
13,15
47,55
143,147
41,43
35,38
209,212
148,154
8,10
5,10
158,160
12,14
2,11
62,68
37,39
14,16
5,17
255,265
173,176
130,135
0,11
70,72
50,57
39,44
110,114
0,5
5,10
125,127
8,10
57,64
181,189
32,38
36,43
103,111
61,63
22,27
46,48
7,9
75,77
370,377
348,353
145,152
25,27
29,35
12,14
115,117
0,3
19,21
9,11
14,21
2,9
253,259
12,14
78,81
2,8
12,14
65,76
11,18
132,134
6,8
2,5
24,26
239,249
23,25
0,7
8,10
95,102
71,74
2,4
8,10
173,176
44,46
64,69
47,55
78,85
133,144
120,127
52,59
2,5
116,122
76,86
0,3
52,54
6,8
12,14
350,356
12,23
224,231
10,12
5,10
41,52
69,77
58,65
8,10
156,163
309,317
12,14
87,90
5,7
17,19
34,36
0,4
18,24
75,82
5,22
26,28
178,183
18,21
19,21
12,18
8,10
89,91
57,59
98,104
88,90
89,93
53,55
77,84
87,89
43,45
82,84
7,14
269,274
28,36
12,14
141,148
103,109
5,7
22,33
59,61
12,14
0,2
86,97
35,50
100,107
20,28
7,9
17,22
6,8
130,137
87,89
27,31
34,39
22,29
14,16
0,5
72,78
79,86
207,220
199,209
59,61
91,97
252,259
15,21
14,16
0,3
21,26
28,30
0,2
13,19
16,18
87,93
12,19
50,57
15,21
55,62
77,79
47,54
0,6
8,10
42,48
117,119
56,61
6,11
19,21
8,15
4,6
41,48
14,16
144,150
30,32
68,82
176,186
45,52
18,29
11,18
6,13
72,79
30,32
74,78
303,309
8,10
56,61
6,12
45,52
54,56
26,28
71,80
16,21
249,256
60,62
2,7
258,263
26,31
7,13
61,66
57,59
126,132
78,84
28,33
6,8
23,28
75,77
8,10
58,65
6,8
119,121
125,130
20,25
38,44
17,28
80,85
4,8
0,3
2,8
142,147
8,10
39,48
52,59
4,8
342,357
115,130
8,10
34,41
23,27
0,6
121,128
364,378
6,12
112,118
417,424
114,116
97,104
6,8
161,166
7,19
17,20
30,37
0,11
11,13
95,101
9,14
116,122
3,8
130,145
94,99
12,14
101,106
0,7
78,85
13,15
2,5
48,54
2,4
51,58
25,27
10,12
5,11
88,95
16,21
25,31
11,13
2,8
14,21
18,23
41,48
8,13
44,49
4,7
36,38
10,12
89,96
12,14
0,3
21,23
4,8
0,7
57,62
278,285
9,11
8,10
38,42
12,19
8,14
0,3
19,26
22,24
18,24
202,208
6,8
42,44
9,11
28,30
169,176
106,112
51,53
118,125
65,72
112,114
40,42
111,118
5,11
6,12
347,352
41,48
6,8
17,19
98,108
69,75
0,2
168,170
47,49
27,29
7,11
10,12
0,3
5,7
72,79
32,39
0,2
12,14
78,85
0,3
5,7
7,9
33,37
102,117
118,121
137,145
17,19
6,8
74,76
53,59
17,19
22,24
13,17
0,2
19,21
22,28
99,101
115,122
6,8
25,27
64,69
115,117
7,12
16,18
2,8
10,16
43,45
8,10
53,59
38,44
12,18
8,10
86,93
46,57
10,12
2,7
127,129
11,19
16,31
190,199
7,10
70,72
61,63
72,74
17,19
12,18
255,257
55,62
32,34
41,43
32,34
76,80
16,23
5,7
6,8
152,157
62,64
34,36
142,148
18,20
37,39
22,24
198,204
21,26
8,10
63,68
124,126
6,8
199,206
49,56
89,99
123,130
26,34
114,119
5,8
16,18
23,30
6,8
219,224
22,24
150,157
16,18
25,29
25,27
204,206
134,138
56,58
67,78
103,109
6,8
4,6
8,10
18,20
54,56
182,184
23,25
16,18
319,325
109,114
12,14
6,8
193,200
0,6
46,52
88,90
19,21
0,3
44,51
6,8
53,55
52,54
7,9
47,58
79,83
7,9
94,100
94,96
192,196
64,66
9,14
24,27
64,66
26,32
38,44
41,43
32,40
43,48
6,8
94,98
74,76
35,42
70,85
40,44
0,5
114,118
45,47
296,303
110,116
40,42
154,156
42,44
10,12
106,114
30,35
67,76
10,12
7,14
0,5
85,87
7,13
239,246
43,45
7,19
177,185
7,9
27,34
0,2
164,166
7,9
116,130
68,77
6,12
54,56
64,69
8,10
55,61
28,30
33,40
31,33
168,178
35,37
210,217
68,83
147,152
39,41
15,17
24,29
10,15
7,9
14,19
48,50
45,47
55,63
12,15
12,14
51,56
6,8
36,38
59,65
10,12
11,16
118,121
371,377
6,8
10,16
2,5
0,6
53,60
18,21
23,25
250,252
43,50
43,48
0,2
97,99
87,98
0,2
31,37
12,14
75,82
16,21
19,21
73,78
21,27
8,10
41,43
8,15
31,37
7,9
0,7
8,10
8,13
69,71
13,15
59,61
15,17
41,43
18,20
49,55
15,17
8,10
54,61
13,24
7,12
465,473
50,52
129,136
71,76
65,67
12,14
98,100
0,3
81,83
90,92
41,43
10,12
41,47
58,64
26,31
8,10
12,14
102,109
6,8
13,17
205,210
95,101
6,12
139,143
30,32
174,176
208,215
49,55
17,19
92,94
37,43
80,83
26,32
10,12
94,101
50,57
26,37
124,129
85,87
79,84
12,17
25,28
7,9
51,66
56,63
0,6
56,58
2,14
51,55
112,119
12,14
25,30
32,38
6,8
13,15
122,129
69,78
101,110
86,93
92,98
8,10
63,65
212,214
153,155
39,41
12,14
348,350
12,14
286,292
36,38
24,26
15,19
57,59
21,31
33,35
68,73
47,54
123,130
242,257
20,26
0,3
80,86
28,34
25,32
179,185
9,12
35,42
51,57
26,31
319,325
100,106
160,162
19,22
4,15
42,44
96,103
10,15
41,48
5,7
6,8
17,24
74,84
61,66
75,86
16,18
128,135
6,8
210,219
6,8
42,49
57,64
17,24
70,79
318,326
0,6
78,85
95,97
150,154
31,37
132,139
8,10
2,4
139,144
11,14
49,54
35,42
40,47
48,50
2,4
25,27
13,15
126,128
15,20
14,29
28,30
8,10
25,30
65,76
12,14
31,33
18,22
0,6
81,83
50,57
28,34
7,9
76,80
220,227
84,86
212,219
4,10
219,226
12,15
58,69
13,24
113,120
120,126
44,47
33,37
24,26
0,6
57,63
94,100
245,251
145,152
282,287
57,64
9,11
331,336
7,10
183,194
128,134
47,51
100,105
13,19
68,76
11,13
178,185
38,45
162,168
58,65
38,40
8,10
129,140
20,27
271,280
47,54
0,2
17,22
57,63
20,27
17,19
6,8
14,21
7,13
6,8
22,24
50,54
87,89
0,15
34,41
8,10
92,101
22,24
86,88
202,213
6,8
8,12
6,8
47,52
16,18
124,131
37,44
128,130
20,27
206,212
34,36
29,31
12,14
200,205
120,127
43,45
9,11
44,46
87,93
0,6
137,142
221,223
189,195
74,79
41,43
70,78
80,85
210,214
20,35
16,18
25,32
44,46
115,121
18,20
8,10
132,139
8,10
0,4
97,103
28,34
8,10
0,5
13,15
8,11
82,88
75,79
37,39
77,79
83,90
71,78
71,75
6,8
196,201
48,54
37,39
10,15
2,5
230,236
6,8
68,75
250,256
7,12
43,45
0,4
5,10
5,7
2,4
73,75
8,10
113,119
87,93
8,10
26,32
133,138
119,130
6,8
6,12
138,143
362,364
7,13
8,10
0,2
14,24
10,12
199,202
96,103
10,12
7,9
57,64
323,329
10,12
66,68
180,186
5,12
82,87
16,18
192,198
25,27
103,111
85,90
62,68
41,43
7,9
33,38
18,25
25,30
76,84
22,27
66,72
5,16
35,42
105,112
27,29
9,14
16,19
71,73
238,245
174,181
6,8
9,14
5,7
171,180
0,10
36,41
118,124
37,42
2,4
170,188
34,46
122,128
193,196
34,36
179,185
46,51
103,106
19,24
10,17
29,35
204,217
26,28
8,10
155,160
88,93
9,11
87,95
42,46
0,6
2,13
9,15
31,33
7,10
49,51
90,101
8,14
163,165
8,10
8,10
6,8
279,286
28,35
195,202
76,83
10,12
62,64
57,61
3,18
8,10
50,57
151,163
7,9
6,8
312,314
150,157
53,55
5,7
55,60
25,33
16,18
12,14
6,8
40,47
31,33
8,10
109,112
12,14
81,85
164,171
4,9
27,30
0,6
66,72
79,85
0,12
42,49
36,38
90,94
0,11
257,262
0,3
8,10
140,146
6,8
43,51
17,19
29,31
89,91
100,105
14,20
17,19
52,54
18,22
64,67
15,18
128,137
14,21
344,346
19,26
6,12
19,21
37,44
45,47
0,11
19,21
27,32
49,56
23,25
22,28
113,119
49,57
7,9
10,12
28,34
19,24
183,187
0,2
6,8
7,9
50,57
231,236
133,138
10,12
59,61
133,137
11,16
70,77
5,7
8,10
8,10
170,176
6,8
26,32
92,97
37,39
16,24
17,19
93,100
35,40
37,43
36,43
134,141
9,17
7,9
18,23
178,184
76,80
8,10
53,58
16,18
21,23
12,19
27,29
91,102
6,8
113,118
38,45
28,32
21,28
24,27
8,10
198,204
173,180
40,47
145,152
13,20
38,40
6,12
6,11
45,47
121,127
19,26
21,29
63,65
30,37
77,84
103,107
43,45
23,25
80,85
8,10
6,8
231,236
7,14
55,58
14,16
8,10
106,108
196,201
111,117
378,385
61,69
31,33
156,162
36,43
100,105
65,67
126,128
11,13
96,104
90,92
6,8
41,48
47,49
8,10
19,26
30,35
57,64
16,23
68,75
109,121
146,158
113,117
73,79
68,70
15,17
20,22
11,13
7,9
8,11
52,54
12,14
70,78
87,94
133,137
18,25
8,10
30,32
162,169
38,40
71,76
17,19
28,35
7,9
77,88
6,8
209,216
31,33
92,97
57,64
14,16
8,10
26,32
11,21
3,5
68,73
75,90
8,10
0,7
130,137
8,10
147,149
13,15
249,265
6,9
337,343
7,12
10,12
71,76
171,173
44,50
9,11
0,7
36,42
46,48
200,208
48,55
7,9
13,15
56,63
269,279
7,12
5,10
10,12
24,29
2,5
8,10
98,100
2,5
8,14
8,10
101,103
47,54
21,41
0,10
171,178
7,9
54,60
69,76
5,7
13,18
0,2
20,22
8,19
30,38
12,14
5,7
146,152
20,24
41,49
155,162
16,18
71,77
23,29
18,23
44,51
7,9
33,54
21,26
174,185
18,20
50,52
6,8
0,4
11,13
59,64
92,97
26,28
19,21
17,19
109,114
30,32
8,10
198,205
11,15
0,3
231,239
28,35
148,154
15,23
38,40
11,17
286,293
6,8
32,34
50,56
26,33
94,100
11,13
6,8
88,90
47,54
74,82
31,33
6,8
330,337
76,83
182,189
76,79
163,165
34,40
12,14
7,9
45,47
20,26
69,75
54,61
0,8
103,110
0,3
34,37
7,9
48,53
2,7
6,8
34,36
27,29
36,38
8,10
8,10
32,34
306,312
25,27
8,18
46,48
167,169
20,22
6,8
346,352
43,45
7,12
17,22
2,7
13,15
44,46
318,329
8,10
36,38
6,8
12,14
190,196
12,14
7,14
103,110
53,64
143,145
36,38
114,118
122,127
89,96
196,202
70,72
101,111
6,8
21,23
93,99
46,55
99,107
44,49
23,28
32,36
51,58
58,64
2,4
8,10
150,160
7,9
8,14
18,25
76,85
234,241
20,25
0,2
8,10
95,101
77,84
89,99
6,8
87,95
50,56
383,387
85,93
79,84
36,42
60,62
11,13
0,6
0,7
171,176
21,28
34,36
71,77
17,19
40,46
121,129
86,91
0,2
35,42
21,23
57,63
0,5
6,8
264,271
12,14
98,102
31,33
13,15
176,182
18,20
33,41
28,30
18,20
0,5
14,19
66,72
11,13
67,72
10,12
49,51
94,96
110,117
153,162
7,22
70,72
146,152
23,25
30,37
61,68
6,8
123,130
40,44
91,98
49,52
74,81
5,11
16,18
15,17
20,26
2,7
70,77
8,10
0,3
68,74
0,2
54,56
41,43
112,121
0,3
7,9
28,31
25,27
10,12
8,17
59,65
10,12
6,8
15,17
21,30
41,43
79,81
17,23
54,60
27,29
0,7
82,93
8,10
13,15
5,9
95,106
13,21
56,64
14,20
35,37
7,9
6,8
32,45
26,28
37,39
56,61
130,136
104,111
154,156
6,8
91,98
82,86
172,178
6,8
31,37
24,30
41,48
67,69
2,8
10,12
9,11
25,32
20,22
339,346
35,37
8,10
81,84
131,136
42,44
53,55
120,125
7,10
12,14
229,231
6,8
428,432
6,8
33,37
88,97
64,66
16,18
21,23
90,95
62,64
9,11
21,28
52,54
213,220
0,3
26,28
32,45
53,55
22,24
0,3
7,10
0,3
52,59
74,79
20,28
84,86
8,23
155,157
87,94
8,10
0,3
23,29
10,26
58,64
57,59
44,49
96,98
7,9
10,14
12,14
26,28
22,24
6,8
26,32
61,66
7,22
17,19
33,35
28,30
17,23
48,50
12,14
14,16
6,8
206,212
8,10
6,8
228,233
20,22
7,9
14,16
71,73
24,26
288,294
0,6
79,87
53,60
118,125
7,9
58,61
31,33
16,27
58,60
72,79
2,4
40,47
51,54
86,90
150,164
10,15
192,195
33,38
11,13
24,31
73,85
2,5
77,84
0,6
118,124
41,44
25,27
105,112
69,76
37,45
17,22
171,176
138,148
424,435
121,126
5,7
18,20
21,23
5,7
13,19
7,9
8,10
129,131
0,6
6,13
16,18
2,5
40,46
17,19
28,35
125,132
7,9
109,116
28,30
0,10
106,108
5,14
79,87
4,8
77,84
67,69
36,42
276,278
8,15
6,8
6,8
247,254
26,28
26,28
0,6
11,13
28,33
13,27
18,21
49,62
30,36
96,102
2,5
205,216
27,29
9,17
2,4
26,32
14,16
65,67
6,8
30,35
228,230
14,16
319,325
118,124
3,8
0,5
0,3
46,51
17,19
67,75
179,185
20,27
83,89
67,73
139,145
14,16
25,29
20,22
248,251
63,70
2,9
60,62
21,31
0,3
68,76
7,9
68,70
7,9
7,9
136,143
12,14
103,114
39,46
21,23
21,28
5,7
13,15
10,12
149,155
172,174
237,239
85,93
133,140
87,92
0,3
33,35
0,3
16,24
7,9
6,8
198,203
186,191
154,165
7,14
128,139
37,39
28,33
7,9
129,136
6,8
8,10
5,9
144,148
38,41
38,43
10,12
459,462
24,29
99,105
5,12
0,4
119,126
57,59
26,32
0,2
51,55
23,29
102,104
6,8
383,389
83,89
164,174
4,6
66,77
180,187
15,21
44,46
190,197
6,8
21,23
13,15
263,269
2,7
81,83
0,8
2,5
26,30
16,23
13,15
6,8
58,60
17,19
8,10
0,7
81,88
52,59
47,49
21,23
23,30
52,58
33,40
4,10
151,158
39,45
8,10
97,107
45,47
34,36
21,23
103,105
49,51
0,3
8,10
135,146
14,16
16,18
16,18
117,124
70,73
6,8
115,125
92,100
5,7
0,6
51,58
21,28
36,40
24,26
17,23
111,114
7,13
21,23
33,48
19,25
4,11
16,22
31,38
63,65
3,9
122,124
65,69
49,56
64,74
18,20
5,7
10,17
6,7
87,93
83,89
27,32
20,22
60,67
66,73
17,19
131,137
23,29
15,22
38,40
6,8
18,25
5,13
4,9
25,30
346,352
28,39
28,30
140,146
24,26
190,197
0,13
17,19
54,61
11,13
181,188
62,69
79,86
392,399
36,38
88,90
6,8
220,226
0,5
359,364
28,30
63,72
71,78
33,39
7,10
2,8
19,27
65,67
10,12
57,59
37,44
0,3
47,49
17,23
0,14
13,17
12,19
30,32
210,217
11,26
5,8
46,51
136,144
9,11
127,134
68,75
128,135
56,61
270,276
50,56
14,29
92,98
14,16
69,71
71,76
7,13
7,9
229,236
44,60
74,80
213,219
49,55
39,41
43,45
19,25
6,8
15,17
25,33
99,101
94,100
14,21
16,28
172,179
5,7
98,100
52,54
42,49
62,74
208,219
30,37
8,10
77,84
90,96
14,19
38,40
6,8
6,8
146,157
0,6
155,166
0,5
37,39
47,49
1,3
75,82
22,28
9,12
13,20
158,165
23,25
11,13
45,50
36,44
164,172
25,31
454,461
4,10
94,101
0,2
8,10
87,94
23,29
0,6
6,8
93,100
98,104
15,17
7,9
22,24
142,145
102,106
2,10
121,125
29,31
313,319
42,47
25,33
0,11
141,146
36,42
49,55
23,28
8,10
57,66
12,14
61,63
0,3
51,59
12,18
109,113
0,2
6,8
2,5
87,89
35,40
0,5
25,27
6,8
109,111
26,28
76,82
23,29
25,27
14,16
105,114
138,145
81,86
50,57
50,52
0,6
30,32
189,200
8,10
13,15
7,19
147,150
7,10
122,131
6,8
100,102
129,131
4,10
117,121
32,38
7,18
40,42
170,172
152,159
6,8
18,20
8,10
25,36
10,12
47,54
15,18
7,9
10,12
42,44
13,17
8,10
60,62
5,7
72,79
179,194
6,8
7,12
43,52
21,23
9,11
159,165
2,4
10,12
99,105
54,56
135,139
48,55
41,47
296,302
284,291
137,143
68,75
112,114
41,52
73,75
25,27
0,11
85,96
8,10
49,55
179,183
117,123
102,109
6,8
49,56
6,8
23,29
30,37
84,91
26,28
24,32
79,81
19,23
24,30
8,10
127,133
18,20
17,19
45,47
6,8
4,9
261,267
35,42
130,136
71,77
126,128
0,8
55,61
221,227
36,45
11,13
88,90
18,21
181,188
101,107
339,344
80,82
38,40
103,110
0,11
2,6
144,151
8,10
118,125
14,20
5,12
7,12
184,190
8,10
102,109
155,161
54,58
8,10
12,18
7,13
2,4
265,271
29,31
15,24
65,72
2,9
56,58
36,40
18,21
67,73
28,30
8,14
34,39
207,210
13,15
67,72
18,20
39,41
17,22
12,16
101,106
7,9
6,8
33,43
52,60
34,41
158,165
23,29
258,273
7,14
248,254
51,57
43,45
121,131
56,64
85,87
6,8
34,36
16,18
180,191
117,129
25,30
35,38
74,81
63,73
22,24
0,6
18,20
45,47
16,18
8,10
75,83
42,46
63,66
8,10
8,15
60,66
48,55
3,5
0,4
24,30
7,11
46,52
95,98
11,20
401,407
442,448
172,178
155,159
156,163
25,34
41,52
351,357
6,8
5,10
225,227
131,138
190,196
13,34
52,55
149,156
15,17
28,32
21,28
6,8
211,218
67,74
50,52
25,27
8,10
12,17
98,104
103,110
25,30
115,126
24,26
32,39
4,9
5,9
41,48
15,17
42,44
16,28
27,29
7,19
7,9
8,14
67,81
102,109
61,66
19,22
96,102
123,129
0,2
37,54
15,17
6,8
37,44
14,16
151,161
8,10
58,65
22,26
51,53
8,15
64,76
16,18
94,113
185,190
82,92
6,8
147,154
87,93
12,18
51,59
353,355
164,169
16,28
115,117
26,33
40,47
22,24
5,11
14,16
173,179
33,38
10,12
29,31
11,13
6,8
42,44
8,10
226,231
42,49
0,2
7,14
90,96
66,74
107,113
16,21
178,183
31,35
207,212
2,4
111,118
38,40
46,48
206,212
8,10
103,115
12,18
17,19
16,22
19,25
128,138
94,100
66,73
20,27
0,13
35,39
71,79
26,28
137,143
7,14
32,39
62,64
31,33
108,115
93,98
218,226
6,8
88,90
394,409
242,248
210,216
6,8
246,252
65,70
32,39
7,9
102,110
6,21
8,14
19,21
95,101
0,7
89,96
3,5
34,49
117,132
98,104
8,10
64,70
160,167
372,376
30,33
6,8
11,13
63,65
19,24
8,10
14,16
15,20
132,136
18,20
8,10
83,85
5,11
87,98
9,11
57,59
212,218
23,27
5,10
21,27
6,8
8,10
108,120
242,248
95,103
123,134
17,19
2,8
61,63
133,136
153,161
415,422
44,49
141,143
130,145
102,108
2,5
222,228
24,26
11,13
44,50
40,45
151,155
6,8
35,37
20,22
210,216
30,37
99,103
65,69
230,238
36,41
150,157
110,115
88,90
22,28
94,100
156,163
11,17
12,18
7,15
46,51
40,42
13,25
0,3
48,50
7,12
6,8
110,112
39,41
15,17
74,80
100,106
30,32
53,58
51,56
170,173
122,130
44,49
2,4
145,154
6,12
88,90
127,138
120,125
197,208
7,9
13,15
40,42
18,20
2,5
18,20
55,60
50,56
156,160
60,67
23,25
79,85
123,130
68,75
51,55
407,411
74,81
310,316
26,32
8,19
85,91
8,10
10,12
144,150
254,256
6,8
2,7
13,18
8,14
22,24
7,13
7,9
63,78
107,112
8,10
18,24
22,33
159,162
0,4
331,337
136,143
16,18
38,40
2,5
57,59
76,78
30,37
80,82
118,125
5,7
14,16
23,30
21,23
0,5
117,126
169,175
338,343
8,10
38,45
8,15
7,9
248,255
39,46
31,33
58,60
50,53
115,121
52,54
148,159
74,76
51,58
44,46
101,108
27,34
64,70
196,203
352,357
0,8
112,114
160,167
30,37
27,31
0,6
0,5
16,21
45,48
45,47
19,30
118,125
75,82
50,55
6,8
115,121
7,9
15,23
26,31
26,28
205,207
46,48
0,6
57,59
8,10
212,218
11,13
5,16
2,4
81,88
16,18
4,9
65,72
91,93
19,21
21,23
252,259
39,41
91,93
34,40
23,26
218,224
8,10
11,14
2,4
88,90
13,19
4,10
46,48
37,39
33,40
7,10
71,78
56,64
8,10
112,114
5,11
34,36
97,108
11,21
7,9
39,43
98,105
20,26
19,25
11,13
72,79
22,26
21,26
27,29
118,121
44,46
15,23
6,8
14,16
14,16
9,15
6,11
8,10
3,15
91,99
7,19
107,111
19,22
98,100
143,146
393,408
2,4
33,38
6,8
59,64
43,51
39,41
8,16
202,207
18,20
47,53
108,114
77,81
179,182
75,79
15,22
9,11
157,168
104,109
29,44
79,85
340,355
18,25
8,10
14,19
20,27
10,16
115,121
0,7
0,2
209,213
18,24
34,36
179,187
4,6
37,39
46,52
6,8
8,10
58,65
65,72
4,6
7,9
93,98
2,5
53,59
7,9
32,37
51,57
74,76
132,135
31,35
93,95
34,39
10,12
127,131
30,36
84,90
26,28
286,291
12,19
198,204
78,80
37,42
52,59
10,17
6,8
91,100
257,261
56,71
59,67
197,203
68,75
172,178
13,18
59,73
27,34
19,21
7,9
7,9
19,22
2,4
180,186
16,23
13,15
30,32
164,175
30,32
5,11
78,83
7,9
25,32
5,7
44,55
0,6
45,47
8,10
83,87
6,8
0,6
0,5
25,31
8,15
26,30
308,312
17,19
186,193
126,132
28,30
220,227
17,23
19,21
7,19
7,9
47,49
147,153
148,155
47,53
17,22
105,112
15,17
110,113
0,6
18,25
10,16
28,34
27,30
40,45
0,3
8,14
109,111
43,48
4,10
41,43
12,15
22,28
8,10
18,20
10,16
31,33
121,128
125,137
153,157
8,21
212,222
46,52
135,142
15,17
10,12
24,29
32,39
66,74
250,256
0,2
7,9
15,17
8,17
247,258
6,8
47,49
17,19
2,4
252,254
32,39
7,10
48,55
48,50
16,18
8,10
0,7
48,50
2,7
10,12
6,11
46,53
8,15
10,16
10,12
76,78
192,198
7,9
126,131
11,13
2,9
56,67
133,135
6,8
245,247
0,11
7,9
79,90
57,65
39,46
53,56
12,14
7,12
41,52
215,217
29,36
46,54
8,10
2,6
111,117
6,12
19,25
6,17
323,326
4,9
0,11
27,29
2,8
6,8
101,107
81,83
7,9
0,6
24,26
17,24
13,15
70,73
101,104
204,207
10,12
17,19
16,28
72,79
52,57
130,132
0,6
0,4
13,15
57,59
127,132
24,26
25,28
39,41
8,10
2,7
14,20
98,106
3,5
6,8
15,21
49,71
87,94
72,74
90,92
80,88
16,18
118,124
25,31
71,78
5,8
45,51
22,24
8,12
91,93
96,98
8,10
6,8
11,16
27,29
47,53
58,68
26,28
150,156
33,38
14,16
75,77
215,221
0,6
67,73
11,14
105,108
93,95
74,79
34,36
22,26
140,147
46,48
13,19
183,188
79,85
7,9
60,67
196,202
7,12
6,8
75,83
72,82
56,63
52,59
136,141
68,76
59,65
131,138
66,72
5,7
5,7
72,78
19,21
136,140
64,69
217,224
18,20
35,47
150,157
4,9
283,286
45,52
66,68
48,53
29,31
40,51
27,32
41,45
14,16
19,25
310,316
88,94
29,31
88,92
14,16
43,54
74,79
32,34
0,4
5,8
100,107
93,100
6,8
89,91
6,13
98,104
62,64
173,180
5,7
6,10
7,15
20,27
29,36
88,96
0,3
26,32
303,308
7,9
221,225
26,28
42,44
129,136
12,14
90,100
77,83
0,6
12,14
38,43
222,233
6,8
86,91
23,30
146,155
8,10
169,171
225,227
7,12
76,83
10,12
29,31
31,35
115,117
29,34
36,38
79,84
52,58
40,47
6,8
12,14
12,14
137,148
0,5
102,108
10,12
8,10
8,23
156,158
12,14
43,47
133,138
70,79
0,7
11,17
316,323
34,38
34,40
3,5
50,57
10,12
201,212
13,15
110,115
111,127
71,73
15,17
6,8
9,11
31,38
8,10
10,12
19,26
36,40
45,51
39,41
181,188
115,117
6,8
20,25
52,57
41,49
62,68
18,20
2,5
25,27
69,76
6,9
35,37
24,31
64,70
85,87
0,11
205,212
40,42
26,33
191,193
51,57
2,7
15,17
13,18
23,25
48,50
10,12
13,19
0,2
102,104
64,69
33,35
130,139
23,35
6,8
12,14
7,19
51,53
24,32
48,53
27,31
38,44
46,49
10,12
64,66
98,105
7,10
8,10
132,137
41,48
8,10
263,270
39,42
81,87
55,60
59,64
10,12
32,39
199,203
12,14
91,93
6,8
41,43
19,21
36,42
6,8
8,10
159,167
0,12
157,168
83,89
347,354
33,40
38,46
0,5
98,105
89,96
13,15
5,7
82,89
27,30
44,46
67,74
45,47
19,21
6,8
23,32
18,25
8,10
108,111
52,62
6,11
29,31
23,25
107,109
301,305
172,174
8,14
6,8
17,19
108,115
99,105
37,39
41,48
7,9
95,97
134,140
14,26
123,129
0,2
6,12
5,10
14,21
64,67
32,34
92,96
228,230
24,26
8,10
38,41
8,10
138,145
21,24
10,12
76,84
6,9
101,105
12,14
19,21
8,10
19,21
2,7
12,14
201,208
20,25
12,14
160,162
2,4
10,16
267,273
394,401
97,105
16,23
135,141
47,54
44,46
82,84
0,3
41,44
6,8
231,233
32,34
76,80
29,31
41,49
7,13
8,10
32,34
89,96
10,16
150,157
20,25
4,11
35,42
49,55
42,47
8,10
80,86
251,258
33,39
14,16
91,106
21,24
45,60
19,25
72,76
11,13
6,12
7,12
42,50
114,118
53,58
127,133
200,209
8,10
79,81
104,111
76,78
14,19
109,116
176,178
151,157
12,14
33,39
10,12
39,54
67,69
12,14
22,24
5,11
6,9
0,6
32,39
8,10
17,28
53,59
10,18
29,33
78,88
20,28
37,39
29,31
117,124
65,70
18,22
19,21
63,70
161,172
16,18
121,126
134,136
8,10
130,132
3,9
6,8
0,7
6,8
97,99
17,22
10,17
34,36
6,13
70,75
91,96
17,23
134,139
79,86
58,66
0,2
44,46
115,121
45,49
155,162
92,99
267,274
33,40
6,8
12,14
34,36
96,99
19,24
6,8
0,6
8,10
111,113
332,337
45,47
37,43
98,106
2,4
0,3
46,48
143,145
8,10
37,39
43,50
8,15
0,6
60,67
22,30
14,16
15,17
12,14
39,41
169,184
0,5
22,24
133,136
6,8
22,28
8,10
0,7
5,7
58,62
29,31
74,81
53,55
5,7
21,25
31,38
68,76
25,31
114,116
10,12
23,43
0,5
184,186
11,13
25,27
73,76
2,4
54,56
33,38
0,5
43,52
6,8
17,22
8,10
8,10
4,9
39,41
25,27
18,24
0,3
46,52
72,74
89,94
6,8
45,47
10,12
30,32
49,54
28,40
21,24
12,14
13,15
19,23
0,3
17,19
6,8
25,27
7,19
52,56
50,57
50,52
26,31
62,68
14,16
32,36
10,12
128,130
16,18
54,61
80,82
87,92
132,139
58,60
54,56
35,37
65,67
158,162
31,33
5,7
78,81
115,122
2,5
6,8
55,58
154,160
77,82
86,93
39,41
17,23
116,123
0,2
62,64
12,17
100,107
17,22
74,81
140,144
118,125
36,44
7,12
15,22
6,8
12,16
38,40
192,199
136,139
274,279
91,98
20,24
138,143
172,174
47,54
156,163
59,73
0,7
0,3
39,44
5,7
211,216
148,151
22,28
183,194
188,194
24,29
364,370
6,8
16,18
31,34
198,205
348,363
77,84
45,47
233,239
37,39
72,79
127,138
10,16
129,137
14,18
51,54
298,310
59,65
110,112
50,52
101,107
2,6
23,25
20,26
18,23
0,10
41,47
8,12
67,70
19,26
98,103
119,124
18,20
95,102
79,86
19,25
0,5
3,9
51,53
116,123
79,82
0,3
95,105
8,10
13,20
13,20
4,10
89,91
21,23
8,18
137,139
52,60
8,15
9,11
52,59
26,32
39,41
42,44
86,92
11,14
29,34
27,29
19,26
42,44
47,54
23,25
6,8
79,81
48,50
119,123
7,11
74,81
21,23
49,59
47,49
184,194
10,12
8,10
7,9
193,198
44,46
5,7
37,43
6,8
14,16
68,74
183,189
279,286
7,9
48,58
197,202
79,81
255,261
9,22
87,93
407,414
4,9
11,18
85,93
81,83
6,8
125,127
7,9
12,18
197,202
12,15
72,75
39,46
76,87
20,25
5,10
43,48
34,37
18,20
192,200
269,274
13,19
14,16
78,85
44,46
0,4
10,13
11,16
52,59
6,8
20,22
0,6
226,231
84,91
6,8
21,27
7,9
316,324
85,92
36,38
0,6
15,17
3,5
51,54
112,119
177,183
88,95
10,17
7,14
100,106
9,14
34,36
7,9
44,46
2,8
8,10
200,206
8,10
32,34
168,173
7,9
34,37
45,50
10,12
12,14
100,102
119,123
23,33
91,98
10,12
69,76
77,79
6,8
15,20
68,75
133,143
33,40
132,135
29,31
123,129
72,74
139,150
12,14
36,43
30,37
51,58
0,5
56,61
65,71
59,65
6,8
308,315
79,81
20,22
27,29
7,10
26,28
18,20
40,47
118,121
110,112
12,14
77,79
120,125
5,11
144,149
53,57
177,183
267,274
127,132
0,3
139,150
48,54
4,11
35,37
7,9
8,10
7,18
85,87
8,10
29,31
7,10
75,77
87,89
74,88
8,10
248,250
16,18
42,48
152,155
7,9
97,103
39,41
12,19
6,8
233,236
24,29
0,3
118,125
96,108
5,7
18,20
22,27
103,109
16,18
11,17
62,69
49,51
48,55
10,12
49,55
66,68
3,10
18,20
7,13
9,16
21,26
92,94
10,15
30,37
15,26
37,44
0,6
215,222
19,24
13,20
70,82
7,16
59,62
6,8
6,8
122,128
15,20
199,201
8,10
123,125
196,202
87,93
180,185
81,83
152,157
108,115
54,60
0,4
50,55
196,202
44,46
27,31
5,7
40,46
218,220
37,39
204,210
186,190
14,19
7,9
89,100
15,21
54,60
61,68
4,10
9,15
141,145
22,28
18,20
125,128
29,34
15,17
33,39
15,17
40,46
47,49
67,69
23,25
207,215
35,47
0,6
24,31
19,21
211,219
51,60
46,54
42,44
6,8
106,108
143,158
115,123
3,5
0,3
13,15
7,9
6,8
49,51
16,19
32,38
11,13
256,263
39,41
5,6
253,259
72,74
12,17
138,143
207,218
9,24
6,8
7,9
19,25
18,20
86,92
0,2
24,26
24,26
49,54
88,90
116,121
71,73
107,112
79,85
18,20
91,102
21,23
6,13
11,15
40,42
5,7
6,8
8,10
75,77
47,53
85,90
7,9
211,217
147,154
8,10
99,109
8,10
64,69
29,37
64,69
30,35
101,105
126,132
20,33
238,246
30,32
154,160
116,121
0,11
6,8
23,29
82,84
190,206
0,6
130,136
39,41
0,5
30,37
79,85
55,69
188,195
0,11
0,13
8,10
6,8
41,43
40,46
106,112
22,27
64,70
0,5
12,14
14,19
45,51
101,107
86,91
256,260
22,29
50,56
5,7
24,30
152,158
49,51
56,63
64,71
92,98
154,156
42,49
110,116
20,22
3,8
168,172
183,198
64,75
34,40
7,9
182,184
71,78
144,159
4,6
118,129
134,141
107,109
45,49
39,41
164,166
135,146
4,11
65,72
8,10
23,27
28,30
41,52
5,10
77,81
19,26
4,10
23,28
39,46
19,21
19,24
12,14
34,41
74,76
15,23
34,40
72,78
6,12
13,15
0,6
42,51
8,15
294,301
64,71
50,52
8,11
1,3
67,73
113,118
66,73
51,53
15,22
150,159
0,3
112,114
12,18
33,38
13,19
10,12
5,12
71,78
117,119
64,69
24,30
9,14
11,13
40,42
20,22
22,28
118,125
6,18
17,20
14,16
97,105
33,38
8,10
335,342
175,181
143,150
5,9
174,176
3,5
84,95
13,27
18,29
0,2
60,71
0,4
20,22
43,49
56,62
23,25
14,18
164,171
89,96
52,59
82,89
64,71
10,12
0,2
32,37
95,97
73,75
35,40
76,81
19,21
82,84
100,106
7,12
27,29
88,94
7,12
6,8
21,23
34,49
89,95
10,15
7,9
10,12
203,207
0,6
8,10
14,16
23,25
137,142
5,7
3,5
8,14
45,51
42,44
221,225
20,27
56,60
6,8
14,16
62,68
9,11
51,53
2,9
2,4
21,28
34,37
55,60
19,21
43,45
47,49
6,8
65,67
159,170
49,51
97,106
7,17
80,83
94,99
188,191
77,87
0,9
28,30
61,64
78,85
70,72
133,137
15,17
5,7
17,21
48,52
127,134
17,22
56,66
14,18
9,11
148,150
66,73
87,94
6,8
8,10
111,116
7,15
9,24
85,90
235,242
39,46
76,81
22,27
76,78
48,54
5,14
5,9
135,142
82,89
174,179
8,10
45,56
0,6
26,40
269,279
190,197
6,8
6,13
130,132
10,15
25,27
242,247
245,247
15,18
7,9
6,8
171,178
72,79
116,122
144,150
6,8
180,186
28,33
60,68
7,9
5,7
7,14
248,263
8,10
150,157
27,34
98,109
0,3
11,13
173,183
14,20
30,35
115,117
20,31
89,107
7,9
30,32
75,79
6,8
126,133
35,40
106,113
148,150
33,39
218,224
13,15
12,14
117,123
147,154
44,49
130,136
0,2
8,10
65,71
58,60
7,9
54,56
7,9
51,55
30,32
114,120
121,129
2,5
108,115
102,107
42,44
2,4
284,291
0,7
15,21
117,121
92,98
74,81
135,142
7,9
6,8
141,151
48,55
113,115
173,179
14,16
129,135
6,8
71,79
57,68
71,77
13,15
112,119
6,12
106,117
42,46
149,154
45,52
6,8
0,5
8,10
58,60
18,20
13,16
47,49
68,75
5,11
94,105
25,27
13,19
12,14
27,29
67,74
65,72
6,8
9,12
30,41
192,203
46,48
15,17
6,8
8,10
0,6
2,5
80,86
268,274
8,10
36,43
7,9
76,78
0,7
93,95
12,14
160,165
8,10
47,58
8,10
4,6
7,13
43,45
48,50
51,56
60,67
29,32
28,30
6,12
20,26
196,207
75,86
224,231
236,243
52,67
7,9
105,110
21,26
266,272
46,48
323,326
6,8
8,10
2,8
7,9
17,32
7,9
187,191
81,83
13,18
15,21
21,26
88,94
30,35
239,250
14,16
52,59
17,24
2,4
8,10
7,9
15,21
163,168
53,58
5,7
119,125
142,144
18,24
144,148
330,332
0,6
70,72
14,16
11,13
31,33
7,12
105,107
140,146
89,97
16,18
6,8
8,10
6,12
7,9
59,63
33,40
22,24
8,10
44,50
25,27
25,32
216,221
26,28
117,120
38,40
22,24
31,38
19,21
27,32
25,30
113,118
262,268
27,32
24,30
168,175
6,12
10,15
53,60
93,95
2,5
6,8
152,158
214,222
153,156
240,247
29,31
44,51
17,22
8,10
31,40
96,102
0,7
23,25
35,42
162,166
69,75
23,28
6,8
124,130
184,188
258,265
27,29
18,20
36,43
104,107
88,95
8,23
10,13
17,19
17,25
96,102
74,80
35,47
12,14
22,27
2,6
73,80
51,57
15,17
26,33
74,76
6,8
4,6
7,9
46,53
42,49
40,45
53,55
125,128
19,21
89,97
28,38
109,116
3,5
62,68
12,16
36,41
31,33
54,60
30,32
50,52
46,52
62,72
7,13
450,456
18,24
22,26
32,45
6,12
66,68
11,13
8,10
26,33
61,65
0,3
19,21
159,163
16,22
4,8
12,19
49,54
12,14
48,50
17,26
0,3
75,83
184,189
20,27
60,62
368,373
43,48
204,213
0,3
16,23
8,10
55,57
71,74
87,92
0,7
28,33
141,147
158,164
15,22
2,12
90,94
6,8
12,19
45,47
79,81
7,9
290,294
58,65
330,335
6,8
2,10
33,38
74,79
14,16
99,106
96,98
11,25
0,2
107,112
95,101
14,16
7,9
2,5
74,81
83,85
5,12
44,51
7,9
20,26
81,88
161,163
6,8
187,190
183,185
0,2
35,44
82,89
6,8
103,113
99,106
194,200
24,26
7,9
29,41
28,32
0,5
0,3
272,274
118,120
0,7
100,111
6,8
71,78
7,9
53,60
164,170
98,104
105,107
0,6
115,122
2,7
81,88
3,5
59,62
21,27
11,13
67,69
17,24
127,132
160,166
69,74
218,225
48,51
63,72
7,9
19,21
160,174
293,308
39,45
62,64
41,48
36,40
3,12
7,10
60,65
0,11
0,3
80,87
5,7
85,92
51,59
32,34
213,222
130,137
23,25
63,68
45,52
6,8
76,83
7,9
153,158
196,203
177,180
36,38
57,64
132,134
66,73
37,46
8,10
23,25
17,23
47,51
10,13
4,10
4,16
7,12
6,8
0,6
60,68
18,20
20,22
26,28
192,199
3,11
69,76
41,43
87,94
17,19
151,153
2,5
79,89
277,280
22,27
64,66
152,154
31,33
21,23
213,219
2,5
95,106
13,15
63,68
292,303
66,73
43,45
38,48
145,160
2,9
100,106
58,62
31,33
86,98
18,23
15,21
0,12
7,9
18,26
12,14
65,69
93,104
25,28
7,13
7,19
276,283
8,14
195,197
0,4
61,68
36,38
99,106
26,28
12,18
128,135
97,104
117,124
214,220
6,8
31,36
27,32
14,16
13,15
15,17
112,114
66,68
6,8
13,18
0,3
24,26
40,47
27,34
49,61
9,11
192,199
0,5
39,41
0,5
6,8
39,42
8,10
12,17
8,10
52,54
5,7
0,6
2,5
44,60
202,206
148,150
80,89
45,47
0,7
7,9
0,2
0,3
26,34
34,46
230,247
14,23
188,199
68,75
60,67
63,68
6,8
23,28
64,72
113,121
0,5
149,151
55,61
142,148
16,18
8,10
54,60
109,114
7,10
155,163
6,12
135,142
18,20
142,144
10,12
7,9
204,214
27,29
293,300
0,6
5,7
258,265
21,23
8,14
200,202
87,89
144,151
14,25
61,65
38,43
13,19
6,8
64,69
71,84
28,35
6,8
38,54
113,120
35,42
20,22
27,34
0,3
8,10
182,188
32,34
83,88
149,155
29,31
32,39
17,19
76,78
71,74
159,166
353,357
19,22
86,89
17,24
110,114
208,215
7,9
60,62
42,47
30,35
172,178
7,12
110,112
100,107
49,55
53,55
7,14
188,195
218,220
98,102
114,125
6,8
10,12
36,47
8,16
159,165
16,22
9,20
59,63
152,158
0,12
8,10
27,29
46,48
9,12
137,139
12,15
2,8
98,100
26,28
51,53
8,10
200,203
113,123
84,91
55,62
93,100
115,120
18,24
9,11
270,272
249,256
19,24
252,256
101,105
129,136
17,24
6,8
2,5
67,77
88,93
246,252
36,38
6,8
28,30
10,12
36,38
8,10
62,64
24,28
82,87
41,46
6,8
19,24
48,53
12,14
190,201
294,302
104,111
32,34
0,7
14,16
117,119
344,351
28,30
15,28
34,41
7,9
210,218
127,129
79,84
134,137
157,162
26,32
2,11
10,14
11,13
10,12
0,3
46,60
134,136
23,29
0,6
50,55
209,216
56,63
62,64
30,32
167,173
6,8
8,10
177,188
6,8
6,11
7,9
62,69
125,131
126,131
145,156
68,79
14,16
11,18
21,28
14,16
32,34
7,12
0,3
7,13
188,193
134,142
23,25
6,8
120,123
19,21
72,77
38,40
0,5
27,35
70,81
26,28
46,52
9,11
0,6
361,363
28,30
7,10
11,18
89,95
109,116
4,9
13,15
109,120
61,66
151,158
219,226
8,23
21,23
3,8
24,26
103,109
28,30
54,59
14,16
281,287
0,4
9,18
8,10
228,239
94,98
19,21
23,25
21,26
8,10
17,19
66,68
0,6
0,6
22,24
5,7
8,10
107,111
159,166
7,9
27,38
15,20
207,222
273,280
18,20
12,14
61,67
7,9
39,54
296,298
272,276
283,294
12,14
23,25
6,13
307,309
71,73
7,9
94,101
91,97
35,41
47,55
10,16
131,137
61,66
6,8
103,109
6,13
7,9
79,87
11,21
244,250
68,70
29,34
2,5
46,48
184,190
84,89
208,214
23,26
33,40
14,16
84,91
17,24
48,50
35,37
132,139
7,9
76,78
6,8
159,161
15,20
4,10
44,47
131,146
147,157
255,263
25,27
100,111
63,68
12,14
18,21
68,70
34,40
6,10
8,10
3,18
171,178
106,113
61,63
4,9
0,3
59,61
114,122
191,198
6,8
25,39
9,11
11,15
6,8
37,40
50,62
8,13
12,14
102,107
13,15
66,72
125,131
6,8
19,21
33,35
8,10
0,2
73,79
133,135
7,12
101,108
33,35
98,105
118,120
48,54
14,18
78,85
256,269
25,33
49,56
201,206
20,22
21,26
97,104
29,32
140,146
216,222
156,161
22,31
113,119
89,95
166,168
24,28
82,90
126,135
343,346
46,48
114,125
155,165
8,14
70,72
12,14
43,45
88,90
6,8
12,15
301,311
91,98
0,2
51,53
33,35
339,345
8,10
8,10
12,14
8,10
18,20
26,32
23,29
22,24
82,89
172,174
42,44
54,56
331,337
3,5
28,39
69,84
32,34
14,19
4,9
0,11
67,73
16,31
6,8
127,134
18,20
12,14
25,36
54,56
99,105
67,76
11,13
10,13
23,27
46,48
54,69
54,59
143,145
30,34
2,8
158,165
127,134
27,29
28,35
14,18
0,3
111,123
199,204
131,133
52,58
29,36
36,48
15,17
32,38
11,17
101,108
129,135
7,12
0,6
29,31
18,25
5,16
35,50
8,10
7,12
190,202
482,484
213,221
20,22
32,39
30,32
82,89
0,12
15,17
213,215
63,69
83,85
13,15
12,17
7,9
166,176
20,22
6,12
63,65
11,26
280,285
129,134
2,7
11,26
32,34
61,63
335,341
43,50
4,9
29,34
83,93
71,76
26,28
11,16
8,10
171,182
14,21
262,265
25,27
121,126
8,10
20,22
15,16
17,19
7,12
35,41
12,16
116,120
29,31
20,31
2,5
7,9
253,255
2,4
14,17
58,61
0,6
130,136
71,77
63,70
8,10
36,42
13,15
28,30
50,57
56,62
59,61
8,10
10,12
39,45
54,61
63,70
40,42
217,224
22,29
26,28
28,33
65,71
23,29
8,10
139,154
15,22
8,14
50,52
7,9
183,185
6,8
127,129
167,175
64,71
6,8
6,12
25,27
19,27
10,16
10,12
103,122
94,102
121,128
7,9
7,12
0,5
27,32
342,346
6,8
29,41
34,36
8,10
35,42
46,48
26,30
7,9
11,16
103,109
48,59
32,38
6,8
37,43
18,24
143,148
77,88
2,5
102,108
15,17
65,70
4,9
76,82
75,80
0,3
6,8
140,146
6,8
14,16
14,16
76,78
32,34
10,12
2,4
314,329
109,116
2,4
79,86
56,62
84,91
15,20
57,59
46,50
21,23
12,14
166,171
154,161
2,5
7,15
62,68
41,43
162,168
16,23
20,22
62,69
6,8
168,175
36,44
13,15
0,7
19,21
26,28
238,250
163,169
96,103
69,71
40,47
0,6
41,46
7,15
6,8
71,78
15,21
32,39
50,52
20,26
0,6
10,17
246,256
54,57
107,112
98,100
40,46
43,45
6,8
75,89
37,39
21,23
0,5
6,8
38,53
5,16
11,16
254,260
103,110
18,26
9,16
102,104
16,19
7,9
18,20
17,19
11,13
39,41
87,89
71,73
121,128
6,8
18,25
189,196
0,3
50,52
85,92
0,5
7,10
87,93
105,121
129,136
10,16
12,18
225,231
57,59
22,24
50,57
42,47
119,123
75,80
236,251
206,213
2,13
148,154
106,113
39,41
23,25
150,157
117,121
8,10
118,122
264,275
0,3
101,103
79,86
5,7
211,219
8,10
81,87
33,35
162,164
32,34
164,166
54,60
33,38
0,7
247,252
17,23
114,125
47,52
62,69
27,30
44,51
92,95
12,14
221,227
0,6
12,15
14,16
18,20
202,208
17,19
60,66
0,3
6,11
316,322
16,18
10,12
2,6
20,22
386,392
93,104
204,211
52,57
76,81
5,7
39,46
9,11
54,60
90,98
59,61
49,55
6,8
18,23
6,8
66,68
8,10
130,132
187,189
6,7
97,102
153,159
93,100
46,51
45,47
104,108
46,52
57,64
8,10
9,16
273,276
13,15
65,70
30,32
86,90
6,8
17,23
28,40
26,28
310,312
24,26
37,39
65,67
2,5
82,87
37,44
107,109
189,191
44,51
10,12
26,35
15,17
7,9
74,81
71,77
15,21
13,19
41,43
133,140
81,87
8,10
42,44
17,19
59,65
29,31
219,230
186,191
32,38
0,12
13,15
199,206
46,53
70,72
74,81
97,103
11,14
133,139
141,148
19,21
318,327
38,43
6,8
0,11
13,15
5,7
0,3
155,162
12,14
32,36
72,75
24,26
3,5
57,64
2,5
12,19
52,54
39,44
15,27
10,12
277,284
6,8
13,15
106,113
36,43
24,26
105,111
50,55
103,108
33,35
11,14
0,3
40,47
14,16
34,36
152,159
77,81
31,38
4,9
19,21
92,97
6,8
83,89
0,3
289,296
24,29
22,29
10,12
79,83
164,171
162,164
8,17
6,8
32,34
102,109
9,12
36,43
29,31
142,152
12,14
8,10
8,15
64,71
87,93
428,440
2,4
87,92
134,141
90,95
34,39
56,61
240,251
37,39
21,23
7,9
73,80
56,58
8,10
7,13
209,211
0,2
8,10
106,113
76,83
12,14
28,30
7,12
38,40
131,137
0,11
6,12
62,68
103,111
13,15
66,76
8,10
5,7
180,187
38,44
136,143
1,7
18,29
0,4
134,136
47,49
7,9
18,20
5,12
47,49
49,60
75,81
0,7
16,18
7,13
54,59
12,26
243,249
197,199
10,12
23,25
7,12
272,274
125,136
53,55
12,14
7,12
14,16
13,18
8,23
11,16
191,196
169,180
8,14
100,105
7,12
7,13
39,46
40,42
31,37
24,29
39,41
132,138
37,51
10,12
130,141
101,106
223,228
8,10
6,8
100,106
4,9
52,54
8,10
100,106
8,15
58,62
13,18
66,71
136,142
65,72
24,31
0,4
126,133
34,41
230,238
104,109
132,143
0,7
60,68
47,51
79,82
11,18
6,8
9,15
0,3
23,25
0,6
18,20
7,9
6,8
68,74
10,12
8,10
34,41
6,8
17,19
378,383
154,157
17,20
13,18
34,36
8,10
14,19
17,19
23,25
0,5
0,2
91,95
91,95
47,54
19,31
11,13
178,189
11,13
6,8
6,8
45,52
90,92
100,106
0,3
133,138
127,137
17,19
136,143
48,50
25,27
77,87
125,131
4,7
0,6
7,10
6,8
76,84
126,132
0,3
91,98
2,6
169,180
51,53
93,99
0,5
81,88
22,27
21,23
36,38
5,7
127,134
22,24
14,19
25,30
7,9
11,13
6,8
13,15
21,23
76,81
25,27
118,129
6,8
267,274
95,110
155,161
8,10
27,33
7,9
8,15
40,44
26,33
251,259
8,10
101,107
186,192
17,23
20,22
169,171
72,87
70,77
82,84
179,185
6,8
18,20
95,101
0,14
145,147
118,125
83,85
19,21
33,39
64,70
8,23
22,28
69,71
13,20
35,40
0,2
0,2
25,27
58,60
52,56
32,34
341,349
49,56
94,101
12,14
37,39
67,72
10,12
0,3
20,22
7,9
227,234
59,61
16,18
26,28
77,82
0,7
8,10
153,160
71,76
113,118
8,10
124,131
6,8
190,197
5,7
13,15
275,282
11,13
45,51
119,130
11,19
38,43
53,57
33,35
0,4
42,44
16,21
16,21
2,4
0,7
11,13
4,10
11,26
16,21
66,68
20,22
33,38
85,87
52,57
15,17
303,311
6,8
35,37
131,137
5,10
96,103
32,37
10,12
18,20
4,7
19,21
6,8
44,49
93,100
44,46
20,29
10,12
12,14
17,24
0,6
99,101
33,35
89,91
35,37
73,75
172,178
117,125
8,10
106,108
8,10
202,208
85,90
42,44
217,219
89,91
23,25
0,12
6,12
81,85
209,215
0,6
22,24
14,19
9,16
107,111
13,15
13,18
164,169
39,46
56,58
288,290
8,17
23,30
13,15
99,101
77,84
114,121
19,21
63,68
17,23
2,7
32,36
204,211
142,146
77,79
10,12
296,298
0,3
14,23
10,12
88,90
32,35
44,61
0,6
24,31
28,30
13,16
136,141
123,129
140,146
28,30
237,243
217,221
84,90
8,10
347,358
21,26
193,200
41,47
31,33
95,100
6,8
27,34
6,8
34,36
49,51
15,20
111,114
41,43
43,45
126,132
79,90
54,56
290,292
124,131
133,136
0,14
13,15
8,10
12,14
6,8
13,17
87,92
20,26
20,22
62,69
153,159
168,180
12,14
19,21
5,7
137,143
47,54
13,15
53,68
39,46
115,126
11,13
18,24
2,4
27,33
34,35
7,12
164,166
56,63
6,8
26,28
14,16
108,123
23,25
109,115
150,156
33,35
22,30
49,61
93,100
19,21
33,37
9,15
10,12
7,11
103,105
139,141
4,10
15,22
36,38
22,29
20,29
2,6
4,9
19,24
30,32
80,83
0,6
7,9
0,11
11,19
17,19
8,10
0,6
80,86
165,169
18,23
36,43
4,10
12,14
29,36
27,32
220,222
24,39
159,169
9,14
35,37
3,11
10,15
0,5
42,49
73,80
19,21
0,3
19,26
8,15
0,6
32,41
145,152
0,5
8,15
6,8
6,8
6,8
105,112
9,11
6,8
117,126
6,8
28,33
109,116
30,36
20,22
15,19
42,44
29,31
5,7
130,136
53,59
247,255
86,94
138,145
24,26
73,80
53,55
33,40
2,9
6,8
39,41
143,149
14,21
0,6
46,53
2,4
43,48
76,78
8,10
7,9
89,96
10,12
9,15
53,58
11,13
44,51
48,60
10,17
190,196
0,2
6,8
128,135
37,39
30,35
131,135
19,21
0,4
227,234
47,49
16,18
6,13
83,95
107,114
53,57
42,49
68,74
51,57
58,61
12,14
2,7
25,30
99,105
97,105
96,98
0,7
70,81
10,14
15,17
0,12
130,132
11,13
71,82
34,36
19,24
23,31
6,8
95,102
113,120
10,12
315,326
0,7
101,107
15,17
96,102
0,11
66,73
31,33
25,27
40,46
7,14
17,20
62,66
33,38
158,168
72,74
77,80
91,99
188,190
5,7
4,6
51,53
162,173
103,110
8,10
6,8
39,41
75,77
97,103
111,114
0,2
17,19
58,67
26,28
168,189
110,115
181,186
0,5
149,155
76,83
113,117
0,4
68,73
30,36
87,92
27,34
12,15
269,275
32,38
80,87
0,2
13,15
75,83
172,179
17,23
65,73
99,101
54,60
8,10
110,116
6,8
10,12
90,101
414,420
12,14
10,12
10,12
40,44
2,7
105,107
0,3
6,8
27,29
36,38
45,60
51,58
0,8
32,34
2,7
37,43
14,16
58,60
27,29
126,133
28,35
173,180
45,52
25,27
121,128
104,106
87,93
6,8
47,59
175,182
11,13
272,274
154,157
6,8
175,183
101,105
36,42
30,32
160,178
136,138
53,60
29,36
16,19
47,54
73,75
12,14
53,68
12,14
48,55
24,26
6,8
54,61
0,7
115,123
8,10
31,35
0,8
102,109
98,103
15,20
64,66
131,137
132,138
95,101
79,87
41,47
33,40
8,10
0,11
115,129
42,44
23,25
12,14
179,186
6,8
226,233
8,10
33,38
90,98
17,19
16,18
17,22
50,58
31,37
14,16
34,49
18,23
76,78
186,191
8,10
66,69
6,8
