82,88
11,18
0,5
8,10
9,16
8,10
37,44
36,38
0,5
7,9
92,96
38,41
4,6
95,102
100,102
8,10
108,114
53,58
6,8
196,199
133,136
20,27
209,213
272,274
14,19
77,82
30,37
76,81
4,10
4,8
2,5
110,112
45,56
29,36
23,29
17,22
28,30
60,71
4,19
114,116
59,61
21,25
49,56
95,102
86,88
69,76
6,8
38,49
7,9
11,13
57,59
10,12
176,182
13,24
61,63
74,76
179,186
23,25
6,8
14,16
52,57
28,33
89,93
26,34
251,259
38,45
51,57
79,81
5,6
81,86
101,108
57,63
8,10
0,7
14,18
23,28
122,129
38,40
32,39
147,149
27,32
47,53
49,55
68,74
24,26
38,43
6,12
6,8
99,106
127,134
154,161
189,195
33,40
33,40
49,55
21,24
8,23
11,13
120,122
23,25
0,8
141,151
8,10
97,105
336,340
16,18
310,317
152,157
7,19
36,38
309,317
31,36
31,38
2,5
8,10
0,8
15,20
73,79
17,24
33,37
6,8
50,52
95,101
6,8
48,55
28,30
5,11
154,156
67,73
5,7
80,91
50,62
6,8
133,141
13,19
15,23
10,17
50,56
0,5
44,46
19,22
6,8
273,280
46,52
68,76
6,8
206,209
66,72
250,257
259,270
64,69
13,15
29,31
8,10
142,148
151,157
52,59
290,292
9,14
0,3
333,335
31,37
6,8
14,24
34,36
19,24
66,68
69,75
12,14
51,63
9,11
17,19
28,35
316,324
37,39
36,38
270,277
34,39
11,18
103,109
24,26
0,2
3,5
17,19
77,79
94,100
15,17
24,28
81,83
25,27
18,20
185,190
7,9
0,2
38,43
278,285
67,74
36,41
23,27
227,230
153,160
8,10
7,9
51,62
7,10
35,42
114,121
156,160
61,63
7,9
25,27
212,214
76,80
27,29
65,69
9,11
7,9
68,74
25,27
39,43
100,105
9,15
11,13
5,7
18,21
17,19
34,36
65,71
87,93
22,29
98,103
0,2
31,38
46,52
87,94
43,45
67,78
136,143
45,47
10,14
5,7
173,176
7,14
40,47
18,26
61,68
32,34
7,14
192,200
18,20
176,178
161,163
0,5
58,64
2,9
13,15
143,145
7,12
148,154
60,66
5,16
15,26
0,13
59,61
66,73
121,126
14,22
71,78
49,51
97,104
6,13
86,93
91,95
2,9
33,35
13,20
133,140
34,36
48,50
5,10
14,16
27,29
74,76
160,167
36,38
0,3
95,102
44,49
6,8
6,13
87,89
7,9
96,106
71,73
40,45
106,108
121,128
25,30
38,45
156,162
13,27
158,162
0,2
97,105
162,168
26,28
148,155
28,30
37,54
8,10
0,6
15,21
59,61
32,38
0,4
10,12
111,113
162,173
14,16
147,153
7,9
199,206
83,85
172,179
0,5
146,158
81,83
6,8
38,49
61,65
38,44
13,28
61,63
33,38
132,138
7,18
124,126
7,12
5,12
55,62
65,71
14,20
172,178
267,274
192,198
24,26
100,106
18,23
7,9
75,77
11,13
50,55
124,131
23,25
16,18
116,130
75,82
60,66
8,14
56,64
29,31
184,190
88,106
40,42
56,58
148,153
11,14
185,191
116,129
310,315
19,21
133,139
19,26
44,46
148,154
43,47
112,118
38,54
23,25
25,31
0,6
131,137
202,204
9,12
23,25
198,205
179,186
8,10
38,44
15,17
2,7
51,53
34,39
6,8
25,27
51,53
0,3
12,14
64,75
22,25
41,43
256,263
158,164
29,35
140,142
16,18
33,35
11,16
44,50
19,21
98,104
14,16
37,39
0,6
10,17
38,40
28,39
0,8
77,84
13,19
6,8
214,222
12,19
5,7
6,8
12,24
37,39
113,115
2,4
20,26
10,15
5,10
15,20
19,26
152,158
46,52
21,23
6,9
19,21
31,36
17,19
47,51
152,154
7,12
193,195
159,165
0,3
7,16
135,142
82,86
25,30
50,57
4,9
77,84
79,85
110,116
6,8
8,15
8,11
19,21
45,47
2,6
59,61
80,90
7,10
29,31
26,33
0,6
12,19
166,172
0,6
71,73
8,10
127,138
24,26
6,8
68,74
10,12
7,13
214,216
100,106
10,12
41,52
11,13
103,115
198,208
72,74
132,136
65,68
11,18
41,47
43,51
8,13
189,200
0,7
7,9
41,43
170,172
76,81
2,4
73,79
80,82
19,21
55,59
10,17
57,59
35,37
129,135
57,64
23,25
15,20
171,182
34,41
21,23
96,101
55,57
19,29
28,35
296,303
14,25
13,19
15,19
5,7
2,4
0,11
6,8
67,69
25,27
17,19
41,43
46,48
8,10
45,47
7,9
67,72
91,98
210,219
23,25
175,184
93,95
13,15
11,17
172,175
94,101
186,187
40,44
27,32
59,70
8,10
35,40
176,178
109,112
0,6
80,86
355,365
94,101
2,4
78,81
16,18
36,38
64,70
6,8
51,57
118,125
20,26
31,38
77,87
58,65
144,146
14,16
25,27
53,60
100,107
8,10
35,37
46,50
220,227
210,218
243,245
23,25
12,14
11,17
33,42
128,130
118,120
122,127
51,59
241,250
9,11
0,2
19,25
130,136
31,36
47,54
82,86
21,23
52,58
89,96
6,12
47,54
107,109
249,256
25,36
36,38
24,26
0,7
19,24
144,150
2,8
12,14
200,203
3,5
58,60
65,72
8,12
8,17
27,29
11,13
68,75
63,67
11,26
8,10
109,115
204,213
49,54
19,26
84,89
27,29
331,336
2,5
66,68
104,111
0,7
19,21
239,242
184,190
7,12
134,136
53,57
26,28
71,73
316,323
11,13
5,7
133,135
8,10
13,24
280,286
4,6
107,111
23,25
16,20
323,326
11,16
58,60
27,35
28,30
5,7
20,22
165,169
1,3
118,126
50,61
11,13
133,135
93,100
122,129
7,9
46,48
11,13
8,10
31,33
104,111
45,52
126,131
26,28
6,8
20,22
17,26
18,25
41,45
51,53
71,77
12,16
138,143
18,23
71,80
21,28
89,99
14,16
22,24
54,59
288,290
94,101
120,126
10,16
80,87
6,8
264,275
16,18
60,66
134,136
48,55
93,100
6,8
36,38
71,73
42,44
6,12
12,14
44,46
8,10
46,53
301,305
110,116
0,2
46,48
6,8
141,149
245,251
26,33
20,22
100,105
101,103
80,87
2,4
7,12
24,26
52,58
74,81
26,31
70,72
64,66
108,114
52,54
61,65
14,16
14,16
44,60
117,124
2,5
21,26
71,73
100,106
25,37
186,192
0,7
23,30
155,162
290,294
20,22
6,8
142,147
12,14
101,105
44,46
81,86
231,237
0,12
16,18
95,101
207,222
95,101
20,22
0,7
110,112
21,23
0,7
10,12
147,149
35,42
59,64
345,353
227,235
6,8
0,6
6,9
126,133
50,57
46,49
0,8
8,14
10,15
8,10
17,23
174,185
177,184
38,40
68,79
6,8
82,94
0,9
7,14
40,42
119,123
6,12
149,159
4,10
192,199
63,70
70,81
27,29
17,19
62,64
52,59
279,286
168,175
13,15
183,187
7,10
15,20
74,76
32,34
23,25
228,236
18,20
91,98
8,14
38,40
11,16
41,43
95,102
25,29
201,208
124,135
65,72
32,34
228,230
7,9
8,15
24,30
70,72
110,115
2,6
39,41
76,85
99,103
38,46
140,144
139,141
23,25
189,191
26,32
21,23
53,57
51,58
12,14
24,26
118,124
32,37
229,231
10,18
16,18
31,33
66,68
30,37
50,52
3,9
13,15
6,20
16,18
53,57
134,136
32,38
29,31
9,15
86,90
11,15
144,148
93,100
10,15
0,5
9,11
8,10
7,14
27,32
52,60
291,298
222,237
90,98
6,13
59,66
59,61
151,163
99,109
34,36
24,26
23,27
21,26
32,34
55,58
6,8
128,130
12,18
6,8
82,88
138,143
186,191
8,10
73,77
16,18
131,133
122,128
67,74
53,55
40,47
43,45
221,223
194,197
125,132
8,10
0,3
12,19
5,16
32,38
46,51
16,18
0,5
6,8
8,15
80,83
52,59
30,37
303,311
8,15
71,77
79,84
27,29
72,78
64,69
70,76
15,17
17,19
45,47
76,80
20,35
41,46
122,129
103,114
15,17
95,102
16,21
15,21
0,2
32,38
5,7
15,24
32,39
115,123
48,54
230,247
17,26
93,100
29,36
136,143
17,19
68,74
6,8
93,95
69,77
39,46
42,44
28,34
141,146
46,48
0,6
65,67
62,69
189,200
7,11
82,89
180,184
7,16
124,131
127,129
20,22
13,21
0,6
6,8
3,5
0,2
16,23
99,106
18,24
7,12
35,42
136,142
8,10
63,65
187,189
14,16
245,252
0,6
111,117
141,145
28,30
7,12
154,156
44,50
31,36
31,33
94,104
25,27
74,78
13,20
19,21
25,31
2,4
10,12
51,53
6,11
122,130
149,155
84,86
4,6
24,26
21,23
20,22
230,238
221,228
15,17
39,41
340,347
209,215
25,27
67,71
36,38
83,85
28,39
71,76
62,64
61,63
21,26
454,461
13,25
7,9
127,131
96,103
77,84
211,222
13,16
8,10
26,29
279,287
25,30
210,216
54,59
14,19
103,110
55,59
44,60
17,22
201,206
44,46
64,70
0,9
26,28
21,26
118,124
13,15
30,32
87,93
110,114
13,15
16,18
70,73
63,68
9,11
54,56
72,79
51,59
9,11
296,298
2,4
6,8
10,12
42,46
57,64
130,132
53,60
109,114
24,26
76,78
22,26
0,7
16,22
5,7
16,18
67,69
0,3
88,91
31,38
37,39
22,26
39,41
20,22
39,43
98,102
76,83
40,42
47,49
81,88
107,112
44,50
10,12
67,72
25,27
7,9
35,40
13,19
64,71
87,94
24,39
14,16
53,57
317,324
27,32
348,354
95,102
25,37
15,16
7,9
10,15
34,43
144,148
21,23
419,425
131,146
8,10
11,13
28,34
8,15
62,64
15,20
63,65
183,190
0,6
62,64
31,37
17,19
0,3
96,99
62,74
6,8
100,106
34,37
10,12
3,11
91,95
65,72
32,34
198,200
2,14
23,25
54,56
12,14
17,25
0,6
79,85
9,15
5,10
8,10
95,97
14,18
25,27
31,37
53,56
50,55
12,18
19,21
18,20
113,115
74,88
8,10
50,56
0,14
115,122
9,12
11,15
31,33
79,84
37,39
7,13
107,113
19,21
26,31
266,276
118,121
5,7
180,187
40,51
11,13
187,189
127,137
12,14
5,11
2,5
16,18
76,83
4,9
8,10
75,86
136,139
8,10
88,90
26,37
33,35
33,40
140,145
0,7
19,25
210,214
6,8
111,114
10,14
11,13
7,14
23,25
54,56
83,85
76,81
10,12
18,20
72,77
8,10
4,6
40,47
6,8
97,99
98,116
15,21
56,64
0,5
15,17
225,232
252,254
17,22
88,94
39,45
37,49
31,38
307,309
94,100
75,83
2,5
6,12
117,123
59,65
10,17
184,190
8,10
295,297
62,64
21,23
69,76
113,117
7,10
19,21
32,34
419,426
27,29
68,71
2,8
7,9
391,396
2,8
6,8
250,252
35,39
73,75
98,105
377,391
11,16
63,70
11,15
6,8
6,8
83,89
8,10
19,25
171,176
25,27
88,95
68,72
108,115
28,30
0,6
9,14
85,92
181,188
74,81
195,197
7,9
8,19
68,75
14,16
121,128
126,137
0,6
66,72
0,5
134,140
14,29
151,158
272,274
17,19
107,116
87,91
8,10
7,9
277,283
0,3
26,28
5,9
25,29
7,13
4,10
42,44
28,30
43,49
89,96
310,316
32,34
168,175
53,64
34,36
20,22
66,73
21,23
83,87
60,68
131,137
53,58
172,174
189,204
30,36
13,15
40,44
89,95
16,18
0,6
5,7
191,197
0,2
6,8
120,122
12,19
26,32
45,47
77,79
8,10
31,34
23,25
18,20
120,127
7,9
88,90
32,36
2,6
13,15
48,55
67,69
29,37
62,64
6,12
116,124
120,123
8,13
8,10
55,65
14,20
78,84
45,47
38,41
28,31
89,97
13,17
7,14
78,81
96,98
8,10
18,20
169,173
69,78
87,94
0,11
8,14
6,8
168,173
8,14
6,8
0,6
70,79
35,41
7,9
162,167
51,59
3,5
139,147
15,24
54,61
12,23
57,59
87,98
7,9
6,9
10,16
178,183
139,150
64,72
76,83
22,27
3,7
6,8
89,96
0,6
95,103
232,239
79,87
217,224
60,62
66,72
16,22
22,26
50,56
0,3
123,130
87,94
4,6
20,25
319,325
51,53
169,189
96,98
22,24
98,100
147,150
11,13
118,120
66,73
44,61
6,8
2,4
12,18
13,15
46,52
21,26
152,158
0,6
36,38
5,7
158,165
8,15
130,132
6,13
19,29
0,6
22,24
8,10
143,149
0,11
6,8
87,94
8,12
6,8
103,108
7,9
5,10
28,32
5,10
0,12
11,18
256,258
43,49
0,7
29,32
0,3
16,18
30,36
8,10
63,65
0,5
11,26
209,211
0,7
25,34
41,48
0,2
193,200
91,93
8,11
4,6
8,11
6,12
7,19
39,41
12,14
38,43
47,53
172,178
41,49
245,251
66,76
46,48
96,103
7,9
28,30
69,77
92,97
68,74
15,17
91,93
13,15
73,79
6,12
44,49
98,104
44,50
11,13
7,14
11,13
0,8
0,6
18,20
65,67
109,121
82,89
7,15
10,12
4,9
13,15
7,9
0,6
41,46
67,69
211,217
9,14
25,27
4,10
114,120
164,171
5,8
10,12
21,23
44,49
29,36
79,81
62,69
6,8
0,2
45,51
7,19
178,189
34,36
42,49
7,9
50,55
21,29
131,133
144,155
17,19
57,64
2,4
241,248
64,69
190,192
5,7
179,181
424,435
207,214
18,24
41,43
15,17
33,39
191,197
23,28
0,2
4,9
0,3
92,99
84,90
339,346
81,88
2,4
2,7
79,87
20,25
0,3
13,19
24,31
26,28
67,69
187,194
13,15
13,15
3,5
227,232
117,121
117,124
21,27
33,39
161,168
142,149
14,18
31,38
10,12
76,80
55,61
0,7
59,61
114,120
16,18
0,2
11,16
91,102
76,84
146,158
34,41
59,65
15,18
11,13
3,7
20,31
146,153
152,159
0,7
8,10
56,61
32,34
71,76
20,27
234,236
45,52
126,131
10,12
89,107
38,40
11,17
30,36
394,409
44,48
46,55
30,32
50,52
8,10
12,18
27,33
36,43
67,74
34,39
45,52
6,8
123,130
52,54
83,85
60,66
29,31
27,29
162,164
7,9
0,1
215,221
53,59
46,53
5,17
7,9
50,57
91,98
32,39
57,64
401,407
12,14
92,98
157,168
27,32
7,13
89,95
315,322
70,77
264,266
7,10
0,2
94,101
6,8
58,65
77,81
69,78
22,24
41,47
2,14
77,88
0,10
111,123
6,8
283,285
18,20
55,61
89,99
269,279
5,16
33,38
106,112
6,8
157,161
235,242
64,69
151,166
71,84
442,447
75,79
6,8
63,74
28,30
21,26
38,40
196,202
107,113
14,25
118,125
25,27
8,14
19,25
35,40
80,89
49,55
6,8
17,19
19,21
85,92
188,191
50,56
18,20
25,29
9,14
160,167
93,95
16,18
28,33
171,178
105,111
25,27
13,20
243,249
14,16
37,39
52,57
14,16
20,24
51,53
47,54
40,42
184,186
8,10
56,62
6,8
39,48
14,16
8,10
7,9
202,204
23,31
6,8
6,8
58,60
6,8
174,176
14,18
269,274
48,50
0,4
6,8
0,3
210,216
108,115
48,53
93,99
40,46
28,30
30,37
20,27
134,141
13,16
20,22
12,18
131,137
6,8
55,61
6,8
17,24
62,69
285,291
86,88
33,39
7,9
41,49
294,301
172,174
22,24
47,49
15,26
15,17
11,16
0,6
23,27
40,42
36,40
87,93
6,8
0,11
46,51
8,16
25,27
51,59
37,51
95,101
0,3
13,15
18,25
20,27
55,66
171,178
49,57
2,4
122,126
100,105
76,78
96,100
54,59
5,12
169,176
6,8
11,14
62,68
162,166
12,18
68,70
10,12
34,40
100,102
179,187
12,14
116,127
7,9
8,10
0,6
13,18
159,161
0,7
93,100
0,3
21,32
75,79
98,106
6,12
8,10
66,68
222,224
2,7
58,60
131,141
10,12
5,7
76,78
258,265
27,34
19,22
12,19
47,54
47,51
6,8
64,66
139,154
47,55
27,29
248,263
121,126
0,6
21,25
23,28
8,11
70,77
6,8
8,17
2,4
139,146
33,35
26,38
20,28
43,45
4,10
8,14
68,74
128,135
8,10
8,10
20,30
2,7
42,44
221,225
156,163
93,105
330,337
17,19
127,134
91,95
57,61
0,6
68,83
188,203
47,49
0,2
8,10
79,86
76,82
13,20
186,188
0,11
85,93
0,5
0,6
5,7
171,177
10,13
33,35
74,81
29,34
34,40
145,147
78,89
10,12
87,89
33,38
8,15
92,98
95,102
82,84
3,5
0,3
16,18
28,30
12,15
8,10
90,94
7,9
6,8
105,117
6,8
67,75
217,224
109,111
17,19
81,83
2,9
22,29
127,129
211,219
15,21
130,136
74,76
22,27
180,186
78,83
15,17
76,86
136,142
30,32
57,65
0,6
14,16
13,15
0,6
8,10
200,206
29,34
13,15
11,13
3,5
6,8
40,47
28,39
51,55
11,16
199,206
7,9
64,72
0,5
226,231
68,74
49,62
6,8
117,123
0,3
71,73
5,9
52,54
12,14
0,2
146,152
70,77
2,4
7,9
0,5
108,115
5,9
24,29
26,28
35,42
81,83
62,68
302,308
15,23
405,412
98,100
100,107
5,8
33,39
33,35
88,90
60,68
6,8
95,100
62,64
0,8
52,54
19,31
8,10
93,94
129,135
21,23
15,17
0,4
65,73
24,26
5,7
23,28
323,326
25,28
8,14
124,131
108,111
12,14
6,9
0,8
9,11
98,104
40,46
116,124
20,24
48,54
14,16
0,6
64,71
6,8
104,112
25,33
28,34
368,373
115,117
32,34
55,57
2,8
36,38
27,29
98,104
32,34
147,149
78,81
55,60
0,3
56,58
23,32
95,101
15,29
0,3
20,22
24,29
64,69
22,28
9,13
55,63
9,11
76,86
14,16
53,55
179,183
182,189
42,50
18,21
47,51
107,114
180,187
25,30
59,61
125,131
37,39
148,155
17,23
6,8
85,87
105,109
33,35
70,75
33,37
5,7
17,19
393,408
2,4
29,34
16,23
130,137
2,4
62,68
7,12
0,6
188,190
18,23
54,56
285,297
2,5
50,52
121,131
8,10
54,56
7,10
307,309
353,357
69,71
23,30
83,90
135,146
106,113
20,31
28,30
7,13
49,51
196,198
13,15
67,69
88,90
99,101
12,27
2,8
93,100
123,130
60,62
5,7
73,77
262,265
38,44
134,140
78,88
117,129
42,44
28,32
0,5
29,35
211,217
6,8
135,139
129,136
8,10
276,282
28,30
6,8
25,31
19,21
9,16
211,216
2,6
15,18
65,72
47,53
31,36
171,178
126,135
8,10
7,9
377,392
0,2
9,15
0,6
8,12
12,18
99,110
56,64
24,26
162,166
8,10
160,162
12,19
6,8
135,142
411,417
65,70
168,170
24,32
55,60
10,13
27,35
78,83
56,63
192,198
54,68
99,102
2,8
15,17
93,95
66,71
26,28
52,58
18,20
24,26
26,29
0,5
207,215
36,39
0,6
36,42
37,39
109,112
27,33
118,123
260,266
41,43
29,31
261,267
0,5
91,98
65,67
79,86
104,109
25,27
15,22
4,9
66,68
190,197
218,220
99,105
95,97
276,278
5,8
8,10
80,82
34,41
6,8
338,345
14,21
58,70
63,69
94,100
0,3
62,69
126,128
20,25
169,171
79,81
75,82
27,29
383,390
20,22
34,36
11,17
81,83
22,27
184,189
6,8
14,16
0,11
23,25
6,8
112,114
8,10
137,141
6,8
29,31
21,23
30,32
12,14
165,176
24,31
137,148
103,109
0,11
88,96
6,8
100,102
60,67
37,39
198,204
57,59
0,2
287,293
177,183
64,69
31,33
14,22
104,111
114,119
131,137
0,5
98,100
164,172
37,39
46,50
78,85
37,45
133,140
8,10
113,123
52,54
87,93
131,136
100,111
13,20
372,376
196,202
162,164
115,126
78,80
2,7
10,12
10,17
23,26
0,2
9,11
6,8
6,8
52,55
19,24
123,125
197,202
60,67
178,185
0,3
12,14
71,78
15,17
51,55
43,51
101,103
30,32
49,56
164,171
5,10
87,94
21,23
44,50
6,8
43,47
42,44
17,20
4,10
120,130
25,36
77,79
92,99
35,38
36,41
172,179
7,9
0,6
6,8
115,129
105,110
9,17
75,77
4,7
4,9
64,69
2,5
59,66
92,97
92,97
6,8
234,241
20,22
153,159
276,282
114,125
44,46
102,107
218,225
32,37
415,422
6,17
33,37
0,4
38,40
33,38
123,130
11,13
6,8
35,37
96,102
13,18
32,38
6,18
28,33
29,31
8,10
2,5
47,49
20,22
76,78
7,12
338,343
5,7
38,40
87,98
317,324
12,14
27,34
36,38
130,135
11,17
19,25
15,21
61,63
81,88
59,65
55,66
2,7
83,89
7,10
6,8
10,15
43,51
6,8
173,179
20,22
41,43
317,322
13,18
13,18
11,13
39,44
136,143
204,206
33,40
118,125
24,28
222,231
15,17
162,168
64,75
5,7
26,31
51,66
10,12
39,42
248,254
9,11
199,206
28,34
7,9
18,20
24,29
155,161
7,9
264,275
37,49
6,8
49,61
0,3
40,42
0,7
196,201
37,39
41,52
7,9
8,15
194,200
25,31
3,5
31,33
8,10
423,430
23,31
88,93
95,97
159,164
19,21
95,101
98,107
47,49
5,11
0,11
147,152
89,96
24,30
145,152
34,36
26,36
12,18
70,75
95,97
145,151
2,13
16,18
62,69
105,112
11,17
27,34
47,54
34,36
7,12
6,8
14,16
63,68
34,36
0,6
6,8
0,5
62,68
38,40
0,2
110,112
112,126
20,22
81,88
89,91
100,102
0,8
5,19
14,19
169,171
2,7
255,263
20,22
53,55
8,10
33,40
56,63
90,97
89,95
6,8
125,137
26,30
8,10
83,90
37,39
7,9
29,31
29,33
22,24
83,91
87,98
41,46
48,52
2,8
51,55
74,76
28,35
33,35
38,53
21,26
41,44
0,3
2,6
22,24
166,173
43,49
8,10
65,67
68,76
39,46
28,30
11,17
13,15
13,20
0,2
72,77
19,26
73,75
39,43
24,28
6,8
45,47
20,26
56,58
34,41
21,23
47,54
52,54
114,120
23,29
148,154
44,46
156,163
6,8
0,3
27,29
7,9
54,60
14,16
7,9
34,36
11,13
9,14
63,68
89,96
6,8
38,53
1,7
22,34
6,8
26,28
12,14
39,46
52,54
0,3
170,172
37,39
10,12
52,64
91,98
6,8
240,245
3,5
0,3
105,116
6,8
41,49
43,45
0,7
10,12
5,7
2,8
29,31
266,272
25,27
7,10
15,17
201,212
7,11
35,37
7,9
16,18
8,10
151,157
246,252
9,11
0,2
138,149
27,29
25,28
6,8
54,61
54,56
135,142
0,5
26,30
15,17
107,111
0,6
16,23
60,67
0,7
6,8
2,4
68,70
6,8
22,24
7,9
10,12
2,5
129,144
48,55
111,117
43,49
34,42
2,9
32,38
88,97
45,47
11,26
6,8
7,14
238,243
79,87
172,174
24,26
8,10
44,51
29,31
6,8
59,61
30,32
0,3
118,124
155,158
47,49
87,93
4,9
2,9
12,18
0,6
54,60
21,26
144,150
28,30
28,33
122,124
76,83
83,85
20,22
72,79
34,36
27,37
2,8
107,114
2,4
12,17
15,17
301,311
23,33
176,178
242,257
23,25
48,55
103,110
8,10
108,114
120,126
9,11
88,90
63,69
8,10
13,15
29,31
20,22
5,7
293,300
17,20
13,15
151,154
148,150
88,91
0,3
23,27
93,95
112,121
95,100
70,75
34,37
41,48
179,181
0,3
119,130
169,189
41,47
10,12
210,216
10,18
45,52
0,4
99,105
44,46
159,165
66,72
0,3
154,156
0,6
8,10
179,181
227,234
75,82
38,45
159,161
0,3
3,5
40,45
10,12
35,42
75,81
20,22
14,18
188,199
8,10
80,87
299,310
144,151
134,141
7,12
5,7
11,13
76,82
6,8
250,252
4,10
37,41
11,18
25,27
76,82
8,14
127,132
34,36
29,35
33,35
35,42
186,187
7,12
12,17
98,105
77,79
20,23
80,82
52,55
73,78
0,7
20,28
10,12
8,16
7,13
22,29
5,7
148,150
7,9
64,69
11,13
28,40
0,5
18,22
6,8
442,447
0,11
12,14
95,102
15,19
8,10
16,18
117,132
5,7
391,396
277,283
8,10
135,142
8,10
31,35
12,14
14,16
10,12
21,23
192,194
11,13
23,29
17,23
7,9
394,409
158,165
10,12
33,39
116,118
12,14
104,109
34,46
24,26
28,30
10,16
152,157
35,42
14,21
55,63
24,28
178,189
8,10
240,245
88,90
8,10
139,150
129,135
245,247
24,26
40,44
48,55
454,461
19,31
48,50
31,33
57,62
215,221
76,83
171,176
130,137
7,12
14,16
2,7
11,17
7,13
50,57
178,189
63,84
0,10
122,129
57,64
6,8
6,8
0,6
5,13
172,174
12,16
52,56
49,55
42,44
6,8
12,18
31,43
23,25
95,101
36,41
8,10
62,69
0,12
40,47
34,36
39,49
246,253
239,242
41,47
42,49
13,20
53,57
20,29
61,63
2,9
108,110
255,263
145,147
6,13
60,62
76,80
156,162
0,6
0,11
18,25
172,174
0,6
3,8
33,35
145,152
28,30
22,28
29,34
43,48
147,149
0,11
119,125
15,24
0,7
19,24
7,14
55,57
32,39
17,19
7,10
10,12
11,18
230,234
26,34
38,43
76,83
133,138
217,224
42,44
17,19
59,65
212,214
30,36
7,9
11,13
11,13
212,214
51,56
81,87
143,145
228,234
156,163
56,64
56,60
48,50
13,20
95,102
14,16
65,69
22,24
18,25
67,69
7,9
30,35
11,16
123,130
10,17
0,5
6,10
35,50
21,23
59,63
102,109
0,2
71,77
8,10
70,77
2,5
80,85
70,77
75,83
9,11
44,46
159,166
36,38
175,184
192,203
6,8
0,6
143,145
65,71
7,9
52,58
12,14
40,42
310,312
11,16
88,90
246,256
28,33
95,102
24,26
15,21
79,86
47,55
198,203
5,7
40,42
153,159
6,8
32,34
13,15
57,65
7,22
21,23
49,56
0,3
276,281
8,14
99,104
116,124
0,2
23,25
90,97
232,239
22,28
0,3
5,11
248,263
8,10
127,131
6,12
136,141
35,37
7,9
8,10
19,21
61,63
14,24
22,24
71,77
157,164
6,8
13,18
6,8
135,142
48,55
33,35
14,16
0,6
27,33
28,35
164,169
15,17
419,425
15,28
38,46
14,16
104,110
6,8
53,55
58,73
188,193
17,20
87,89
9,11
37,51
125,131
18,20
8,15
81,83
34,36
0,3
181,192
113,118
6,9
23,29
241,246
53,60
81,88
9,11
103,110
57,62
6,7
209,213
46,48
12,18
6,8
7,9
64,72
83,91
136,141
0,3
34,36
12,17
8,10
14,16
101,108
6,8
130,132
254,260
8,10
135,142
17,24
82,84
92,98
160,171
2,9
6,8
10,16
49,56
67,72
74,83
82,90
88,94
0,5
6,8
0,2
50,57
6,11
24,26
107,126
205,207
267,274
189,196
50,53
96,101
63,70
43,50
48,55
64,76
6,8
64,69
2,8
10,12
55,57
30,33
27,34
2,4
2,5
14,21
12,14
5,15
130,135
75,83
252,254
8,13
14,19
9,11
0,3
8,17
206,213
180,191
22,28
14,20
174,185
191,197
66,77
2,7
6,9
113,115
6,8
6,8
137,142
16,30
66,68
37,39
50,52
96,101
3,5
105,108
165,176
322,333
106,108
0,3
5,12
86,92
9,12
61,67
10,15
22,29
148,159
79,86
104,109
50,58
106,108
112,118
51,55
10,12
29,31
2,9
145,156
54,60
5,14
19,24
107,114
6,12
7,10
155,162
36,38
145,154
0,2
30,37
41,46
171,178
30,35
30,32
13,15
11,15
0,7
9,15
159,174
53,58
108,114
0,6
26,28
54,61
84,91
125,134
95,102
166,169
34,49
13,15
7,9
6,8
15,24
8,10
67,72
35,42
97,99
10,12
200,203
25,27
153,160
15,17
130,132
26,31
104,112
150,156
62,68
5,7
6,12
12,15
189,200
2,4
150,154
11,14
432,436
9,12
45,47
13,15
36,38
48,55
7,13
40,47
65,69
2,4
10,12
214,222
0,2
41,48
10,15
48,50
5,7
22,28
17,23
20,25
132,136
101,105
10,17
53,57
84,91
30,37
195,197
113,119
21,30
54,56
106,121
180,187
23,29
36,42
7,9
63,70
-1,5
22,27
225,232
13,19
154,165
120,123
20,28
7,9
159,161
100,104
17,22
28,35
73,77
10,12
95,97
0,4
7,12
133,135
27,34
0,8
63,65
2,9
93,100
28,35
6,8
339,346
123,130
175,177
6,8
38,53
55,62
6,8
88,91
161,176
7,9
56,63
24,26
7,9
11,13
45,48
13,17
36,38
193,204
121,126
291,298
19,21
6,21
60,66
33,39
5,7
44,46
9,15
8,10
28,33
40,44
22,29
19,26
242,249
21,23
454,461
77,82
15,20
75,83
203,207
0,5
66,68
15,19
101,106
46,48
190,197
17,23
5,7
63,66
13,15
63,74
59,69
116,121
47,53
17,24
27,33
47,53
71,77
68,77
12,14
85,91
37,42
405,412
346,352
5,7
189,195
79,87
5,7
118,124
140,146
12,14
218,220
88,90
154,159
75,77
87,89
84,91
48,54
189,191
7,16
139,150
14,20
52,54
56,62
117,123
258,265
73,77
16,27
7,19
13,15
24,29
10,13
7,9
0,7
64,66
127,129
46,48
112,119
95,97
0,6
8,10
9,11
131,136
21,23
52,64
25,31
6,8
62,64
53,55
70,77
47,49
60,62
23,29
64,69
196,200
10,12
75,83
95,97
7,10
178,185
211,217
8,10
15,17
57,68
0,12
13,28
11,17
56,63
143,149
22,24
18,20
38,40
118,124
24,30
152,158
8,20
68,76
65,69
11,21
29,32
12,18
127,132
23,30
11,18
8,18
93,100
391,396
67,73
2,5
8,15
125,132
5,7
113,115
12,18
18,20
5,8
85,91
0,5
11,13
26,28
51,59
8,15
4,8
6,8
0,3
22,33
139,148
152,154
33,37
8,10
56,61
38,40
160,174
6,8
7,13
19,25
0,2
27,29
7,9
149,159
346,361
2,7
26,29
2,11
81,83
15,24
43,45
0,3
85,87
12,14
6,12
168,170
15,19
99,101
0,5
48,52
54,61
68,75
10,14
12,14
93,95
5,11
0,2
117,123
242,248
113,119
77,79
56,58
2,7
0,3
192,199
20,25
178,185
7,11
6,8
229,231
78,80
51,53
199,206
284,289
77,87
7,9
7,13
8,10
372,376
37,39
37,42
202,204
52,54
6,8
68,74
75,82
65,72
187,189
206,212
5,7
245,251
277,283
54,56
111,117
70,75
10,12
12,18
23,30
90,94
6,8
252,259
12,14
202,204
2,4
190,199
2,4
34,36
69,74
45,47
34,36
22,28
42,44
51,62
6,8
80,87
9,14
6,8
38,40
29,35
43,45
21,23
0,6
15,20
61,63
129,134
73,80
159,161
32,34
7,9
100,106
7,9
66,73
30,37
3,10
30,32
147,149
130,136
8,10
178,189
44,55
8,10
41,43
7,13
8,10
80,82
45,60
52,55
8,14
2,4
8,10
195,197
12,17
7,9
38,40
4,9
97,102
180,186
54,56
8,10
266,272
30,34
18,20
2,4
115,121
9,11
47,49
89,92
35,42
63,74
111,115
40,48
97,105
18,23
6,8
250,252
8,16
14,16
146,158
15,21
100,106
40,42
62,68
8,10
8,10
0,11
8,13
20,24
7,13
7,9
2,5
48,51
29,31
88,94
51,53
6,8
103,110
50,61
60,65
176,178
104,108
6,8
62,64
44,46
10,12
46,53
12,18
6,8
142,148
198,205
40,46
8,10
23,38
96,103
68,74
35,50
11,13
51,63
7,9
65,67
26,29
20,27
88,90
115,129
0,7
6,8
0,5
41,43
6,8
8,14
133,143
93,100
73,79
7,9
33,40
102,107
0,6
97,102
56,61
122,128
26,35
17,19
264,271
61,68
21,23
22,24
22,28
35,40
246,252
6,8
68,75
12,15
27,33
131,133
48,53
11,13
62,68
32,38
130,136
95,101
14,20
41,47
28,35
55,58
10,15
17,19
143,147
176,183
372,376
180,191
60,66
95,97
15,27
6,8
7,9
54,56
16,18
18,20
25,29
82,87
60,66
30,32
280,285
65,69
20,27
8,10
83,90
18,24
0,4
2,9
12,14
173,181
28,35
78,83
13,18
11,18
33,37
152,154
180,187
144,151
85,93
68,71
151,161
208,215
3,11
40,42
27,29
73,77
2,5
6,12
202,204
2,5
12,14
62,64
146,152
120,125
195,197
40,42
6,8
200,203
0,2
11,13
67,74
164,169
21,28
290,292
154,160
0,3
29,31
9,11
8,10
13,15
0,7
26,28
8,11
11,13
4,6
57,59
13,19
5,7
111,114
26,28
61,66
20,24
212,216
21,26
36,38
38,45
44,46
45,47
0,2
8,10
62,64
127,133
70,75
202,204
12,18
7,12
152,159
144,150
9,14
130,132
0,6
10,12
4,6
298,310
2,7
80,91
60,67
5,7
30,32
41,43
52,58
110,115
290,301
6,8
38,40
5,7
11,14
26,33
8,10
46,51
95,101
6,11
152,163
92,98
21,23
2,7
74,81
86,92
48,50
139,150
11,17
15,17
180,186
74,79
99,101
10,12
121,127
8,10
15,24
39,50
181,188
83,85
202,207
0,12
6,8
66,77
13,15
80,82
24,26
63,68
149,159
12,16
8,10
11,13
280,291
88,93
95,102
227,234
17,19
64,69
20,26
85,93
172,174
51,57
26,28
178,189
2,8
147,155
171,178
17,21
7,9
65,72
101,112
120,122
46,53
65,69
29,31
20,22
105,107
60,62
266,272
10,12
8,10
46,48
140,155
6,8
27,29
164,168
195,210
18,26
157,168
14,16
0,7
5,7
34,41
32,34
280,286
58,60
21,26
109,114
88,94
310,317
335,341
14,16
68,71
97,103
2,7
52,58
24,26
10,17
8,10
14,16
8,10
37,39
137,143
57,59
74,81
482,484
6,8
232,239
98,104
29,31
7,9
54,58
101,108
159,161
102,108
7,9
34,36
0,5
18,23
24,26
9,22
54,61
188,191
10,14
6,8
28,33
99,105
138,141
113,115
93,95
7,9
101,105
103,115
36,38
71,78
34,39
22,24
38,53
35,41
6,8
276,282
0,6
20,22
33,35
19,21
12,24
26,28
29,33
93,98
16,18
47,55
59,67
131,136
196,207
20,22
152,154
147,154
145,152
69,77
71,82
8,10
179,181
83,89
8,10
43,45
7,11
52,67
88,90
59,62
28,30
17,20
30,36
6,8
60,68
87,94
20,26
391,396
33,40
66,73
26,29
197,202
5,10
245,251
52,58
15,20
169,171
42,46
5,10
62,64
125,130
16,18
31,33
4,11
9,12
239,242
120,125
8,10
62,69
77,84
7,9
5,7
386,392
114,121
7,9
36,42
105,114
23,29
18,30
113,117
80,91
39,41
6,8
0,2
109,115
13,15
18,23
25,27
18,20
124,131
103,105
182,184
11,16
147,159
34,40
56,64
38,43
7,19
98,104
98,100
113,120
202,204
213,221
84,91
88,91
159,170
6,8
68,74
0,3
18,20
39,41
29,31
7,12
249,256
6,12
8,10
91,93
139,145
157,165
22,27
262,268
8,10
15,17
77,79
6,13
31,37
7,18
8,10
62,69
14,21
98,100
135,139
27,29
232,236
245,252
75,82
15,17
29,35
183,194
66,73
231,237
83,85
95,100
39,43
19,26
3,8
127,129
16,18
7,9
54,56
51,54
239,246
53,60
28,30
55,62
126,131
115,125
66,68
0,4
7,18
6,8
0,5
15,18
24,29
53,60
127,138
21,24
108,114
67,74
12,14
8,10
85,90
6,8
75,86
8,16
5,10
65,69
37,56
8,10
276,282
5,11
54,60
144,148
313,319
33,41
0,7
102,105
53,68
27,29
32,37
237,244
51,59
35,45
383,389
20,22
138,144
8,10
37,39
171,178
26,33
0,2
47,58
7,9
16,18
35,42
47,52
91,93
41,43
267,276
59,61
98,104
23,26
5,7
7,12
50,56
8,10
51,53
26,34
38,40
0,3
120,127
22,27
45,50
50,57
17,19
9,16
9,17
162,168
0,2
8,10
29,35
77,82
213,217
7,14
11,22
6,8
14,16
131,135
183,185
112,118
54,61
74,81
123,130
47,52
22,24
45,47
122,127
6,8
123,130
2,4
34,37
117,121
28,32
49,56
6,8
394,401
11,13
104,111
219,225
5,7
64,69
34,36
13,20
18,20
85,93
6,8
2,4
54,61
49,51
17,24
48,55
33,38
86,93
86,89
71,78
120,127
39,46
407,410
10,15
21,28
48,54
120,123
27,37
56,58
0,6
4,11
0,3
8,10
57,61
126,133
107,114
10,12
56,61
100,102
2,4
290,292
41,48
0,6
53,55
200,206
87,93
113,118
122,129
0,11
17,24
108,114
4,10
25,30
60,66
141,143
70,81
166,172
6,10
8,10
37,39
170,176
153,160
95,100
64,70
19,21
8,15
11,15
6,8
88,90
14,19
17,19
89,96
34,49
12,14
151,158
15,17
25,27
171,177
20,28
6,8
2,4
47,58
219,226
105,117
4,9
152,159
29,35
17,19
23,25
143,149
6,8
83,91
10,15
92,94
77,84
17,19
119,125
16,21
45,47
195,201
14,16
23,29
98,100
197,204
101,108
43,54
27,29
70,77
16,18
2,5
51,63
105,107
220,225
154,156
26,33
42,44
57,64
0,6
59,66
31,37
146,158
9,11
21,23
176,183
10,12
29,35
0,6
18,20
28,33
27,29
20,22
58,64
0,6
8,10
65,69
59,61
8,15
60,67
36,40
8,10
276,282
12,16
8,10
79,81
20,26
13,15
29,35
0,11
10,12
2,4
0,6
144,151
103,115
96,102
63,68
19,26
27,29
7,9
110,115
35,43
6,13
143,145
269,279
73,75
34,36
22,28
27,32
92,97
145,152
12,14
80,91
79,83
18,20
89,97
111,118
229,236
0,6
12,18
11,13
29,31
122,128
25,31
5,12
71,86
45,48
117,123
152,155
7,9
24,26
60,67
18,20
188,191
100,106
106,114
8,10
56,67
8,10
0,8
0,5
19,21
13,20
26,28
8,14
87,94
31,33
64,69
38,40
204,214
10,12
28,35
144,150
32,34
26,28
14,21
79,94
43,51
15,21
5,7
10,12
8,10
177,183
20,24
132,139
132,134
45,47
6,8
136,142
234,241
100,111
40,52
35,37
163,165
7,11
34,36
183,188
19,21
52,58
72,75
12,14
95,101
9,11
32,34
353,357
7,9
34,36
19,21
68,75
52,59
35,37
7,13
6,8
31,38
5,7
46,61
37,51
47,49
6,8
184,190
81,85
110,112
71,78
113,121
33,39
14,16
29,31
150,157
83,85
154,165
6,8
92,99
14,18
58,60
6,8
52,67
2,5
148,155
104,107
59,66
120,123
208,214
5,7
183,187
23,25
5,10
8,10
38,40
79,81
0,6
48,54
100,106
5,11
99,106
10,12
9,15
11,26
45,51
6,8
17,23
2,5
70,75
367,374
259,266
35,42
276,284
10,12
8,14
26,30
24,26
75,86
21,27
21,28
131,136
133,137
6,8
111,117
219,225
13,15
30,32
31,35
8,10
47,49
27,38
36,41
74,81
34,41
98,100
105,116
0,2
47,49
63,74
0,7
14,16
229,231
41,52
22,37
7,9
124,129
16,18
105,117
0,6
142,147
41,43
39,46
17,19
166,173
76,83
17,24
13,15
0,6
5,7
2,4
152,155
26,28
77,84
0,7
17,19
53,60
2,5
14,19
0,5
46,53
16,21
56,62
33,36
9,11
65,69
256,267
14,16
91,98
0,7
11,14
11,14
4,10
6,8
65,67
6,12
40,42
81,83
0,7
12,24
68,74
115,126
6,8
149,155
140,146
7,9
41,48
313,318
47,54
79,85
108,112
12,14
74,81
0,12
6,8
134,141
34,40
68,75
59,61
61,67
6,8
9,15
12,14
76,83
6,8
54,56
12,14
7,14
52,58
31,33
201,208
276,278
107,112
113,117
93,100
8,10
104,112
4,7
4,8
63,68
38,40
12,21
50,57
7,10
9,14
42,44
242,253
7,9
43,45
0,12
12,14
12,18
53,59
284,291
221,223
0,6
6,8
5,9
18,25
42,49
81,83
72,79
16,18
2,4
53,55
6,8
317,322
61,67
25,32
214,222
18,22
74,76
76,83
11,21
37,42
6,20
100,111
6,8
18,20
0,8
54,56
24,26
78,84
141,144
72,79
167,179
7,12
123,130
81,87
8,10
109,121
12,14
5,7
24,26
348,354
35,42
141,149
169,179
55,60
5,16
107,114
30,37
19,26
24,26
80,85
43,51
20,22
79,85
183,190
98,105
7,9
195,197
0,6
10,12
10,12
119,126
85,87
53,55
62,68
10,12
143,145
21,23
7,9
0,2
6,11
8,10
0,5
21,23
18,20
147,149
119,126
26,31
162,168
147,154
6,8
202,204
45,48
132,137
2,4
123,126
22,24
6,8
66,70
5,7
20,27
8,15
103,109
45,47
238,245
19,21
31,33
28,30
8,10
152,154
21,41
2,11
130,132
79,90
6,8
68,74
246,251
184,188
37,39
33,40
10,12
195,197
119,127
8,10
100,106
2,4
62,69
0,2
121,127
37,39
0,7
0,6
2,7
31,38
97,102
12,14
234,241
153,157
6,13
62,64
0,2
90,92
6,8
113,118
17,20
38,44
69,75
48,55
211,222
175,181
80,82
87,93
4,6
22,26
93,100
16,19
18,20
0,2
0,2
31,37
152,158
57,68
150,156
6,8
86,98
200,202
18,23
308,315
18,25
162,168
21,26
185,192
105,116
16,19
79,82
24,26
36,42
44,46
74,81
0,7
5,8
0,5
119,123
12,19
95,101
35,37
25,27
12,18
218,224
51,58
140,144
33,36
8,10
4,6
115,117
22,24
6,8
450,456
12,14
22,24
275,279
23,25
63,70
60,65
19,24
201,208
40,47
8,23
11,18
42,49
7,9
126,131
89,95
19,24
15,17
47,54
29,35
24,28
76,78
15,17
18,24
71,78
61,68
58,60
102,109
13,15
63,68
457,464
8,10
33,35
132,141
33,35
120,126
2,10
128,135
105,116
119,123
10,12
127,129
16,23
20,25
73,79
76,84
6,8
66,73
72,78
190,197
27,29
33,40
13,19
110,112
140,151
14,16
79,84
314,329
16,18
28,30
18,20
165,172
29,31
15,30
7,9
88,90
111,114
46,48
45,52
202,208
9,11
28,32
140,146
19,21
25,27
20,24
33,35
32,34
11,13
22,24
0,5
33,39
24,31
11,13
10,14
6,8
245,252
73,79
7,9
290,292
27,29
10,12
56,64
24,31
8,10
95,97
371,377
8,10
171,177
2,6
8,10
57,64
58,60
43,51
63,70
78,81
6,12
12,27
114,119
22,27
209,213
47,53
8,10
38,40
84,90
12,14
33,39
111,126
54,59
10,12
49,55
117,123
48,50
60,62
8,10
22,24
52,58
135,137
48,52
132,138
0,12
18,24
125,130
208,214
12,14
198,204
115,122
6,8
148,151
253,255
240,245
97,103
25,33
35,37
80,85
0,12
0,2
19,23
20,27
70,77
54,62
10,12
6,8
102,108
21,26
0,5
81,83
10,12
76,84
22,24
47,49
331,336
125,127
7,13
6,8
36,43
390,397
0,5
14,21
340,355
191,197
35,37
18,29
9,12
41,43
6,12
15,17
81,83
39,41
0,8
3,5
295,310
50,56
96,101
34,36
35,40
34,44
125,136
89,97
26,28
0,8
186,187
69,71
53,58
27,29
9,11
8,10
28,30
0,6
39,41
41,47
40,42
44,49
8,16
18,20
26,34
127,129
78,88
15,17
7,14
182,193
113,118
88,94
8,11
21,23
24,26
86,98
8,10
29,31
49,59
2,4
279,286
7,12
44,52
28,30
94,99
182,189
159,161
66,76
12,16
57,59
0,11
5,10
9,15
69,71
90,97
189,195
0,3
25,30
52,64
154,157
207,209
38,53
0,6
23,25
24,26
100,104
0,3
228,236
101,106
8,15
87,89
48,60
70,72
229,231
49,51
32,39
8,10
2,5
119,130
240,245
8,15
27,33
45,47
144,146
5,14
50,56
53,60
10,12
57,65
0,4
6,12
113,115
50,56
6,11
25,31
86,90
72,79
171,177
6,13
18,20
19,25
13,20
11,13
225,232
3,5
33,35
57,64
159,167
18,20
5,16
170,176
12,14
93,95
0,7
20,22
31,33
14,16
72,74
9,16
97,99
50,56
107,114
24,30
0,3
50,52
10,18
6,8
211,216
117,121
44,51
87,93
132,138
14,16
6,8
59,61
8,10
45,47
15,20
75,80
22,27
20,31
7,9
71,77
155,162
32,38
183,187
0,3
158,164
65,71
348,353
256,263
186,188
21,34
15,17
173,179
129,136
2,7
95,101
6,8
9,11
93,94
0,2
21,23
2,4
276,282
99,101
35,42
23,29
5,10
98,105
17,22
147,149
31,37
39,41
81,86
58,64
25,30
16,23
59,61
84,91
94,101
74,76
31,37
378,383
95,100
30,35
14,16
26,29
0,13
15,17
5,9
23,25
12,15
38,43
40,44
6,8
8,11
24,26
8,10
71,77
13,15
6,8
18,24
71,77
110,116
110,112
9,18
134,142
9,15
80,82
2,7
21,26
81,83
18,24
2,5
69,76
89,95
24,26
18,24
116,131
162,168
101,107
6,8
41,43
50,52
64,71
98,106
0,6
7,9
20,26
12,14
10,12
218,220
0,3
18,23
176,178
6,8
38,44
0,4
133,135
34,40
41,47
3,9
95,102
35,42
51,53
79,86
59,61
51,53
107,114
12,14
0,5
29,31
17,19
15,22
132,139
8,16
0,4
53,57
0,2
33,43
73,80
130,132
52,58
6,8
39,41
7,22
93,98
188,191
4,10
27,29
24,28
8,10
37,39
103,110
315,321
23,28
10,12
61,66
14,23
6,13
131,135
39,44
107,114
76,87
15,22
46,53
19,22
20,22
57,64
353,355
56,63
0,2
113,115
11,16
3,5
155,165
10,13
20,25
20,35
105,111
66,73
25,30
12,14
152,154
364,378
108,116
137,141
18,21
15,17
323,326
13,21
7,19
6,8
100,106
6,8
118,123
23,29
53,60
141,145
99,104
68,75
0,2
48,50
76,78
111,113
76,81
20,22
13,15
33,44
19,21
97,99
10,21
48,50
47,49
0,3
196,203
131,133
134,138
145,147
6,8
0,14
7,9
6,8
200,205
10,16
12,18
0,2
54,59
6,8
87,89
35,37
112,118
70,73
178,180
72,79
12,14
80,85
162,168
5,16
12,17
7,13
92,100
10,12
20,25
50,52
21,23
46,48
0,3
52,54
71,73
7,12
14,16
16,18
25,31
23,29
92,97
48,50
79,85
0,6
125,134
10,12
65,72
247,255
6,8
18,23
93,104
13,18
144,148
101,107
7,11
31,34
42,49
8,10
68,74
98,109
0,3
199,206
18,24
10,12
30,32
15,21
91,98
17,23
250,256
7,9
77,84
70,74
80,87
212,214
38,40
6,8
0,2
33,39
11,15
12,14
15,25
59,63
14,16
120,125
42,44
10,12
10,16
339,345
130,132
23,25
7,9
18,20
192,198
225,232
123,130
6,13
25,30
171,178
30,37
8,15
45,47
57,64
15,17
40,42
0,11
5,7
107,111
172,179
24,26
35,42
51,53
11,13
20,22
26,28
8,10
103,109
158,165
48,50
78,81
190,201
8,10
31,37
53,58
183,198
0,2
7,9
87,93
345,353
79,86
36,43
97,99
4,9
7,10
20,25
90,95
14,21
15,24
40,46
32,34
65,72
18,28
137,144
53,55
26,32
24,26
17,25
76,82
285,296
24,26
142,148
0,3
68,74
116,122
38,43
4,10
0,4
6,9
20,31
9,11
277,284
171,178
56,66
30,32
4,9
93,99
20,25
15,16
85,87
55,62
57,59
134,136
14,16
31,38
61,67
10,12
26,29
18,25
19,21
120,122
33,40
0,3
40,42
90,100
22,24
133,141
205,210
15,22
133,135
335,342
31,36
10,12
4,8
8,10
9,11
174,181
11,14
169,189
27,29
0,12
40,42
52,57
50,57
7,14
7,9
18,20
95,101
71,77
105,107
25,31
158,165
14,20
145,147
7,9
12,14
204,206
70,85
48,50
10,12
91,98
8,14
353,357
114,129
7,9
80,87
152,154
184,195
5,7
121,131
5,7
75,83
0,3
11,17
200,206
23,25
320,327
22,29
25,33
41,43
171,178
113,124
10,12
149,159
17,28
24,32
24,26
85,87
158,162
28,32
7,13
15,17
95,102
74,77
8,10
91,98
61,63
12,14
239,242
13,17
41,54
83,90
95,101
64,71
35,40
5,10
8,10
27,35
12,14
19,21
6,8
0,7
12,18
31,37
7,12
54,66
17,23
119,123
60,63
33,35
2,5
44,60
200,203
36,38
88,94
276,282
4,17
8,15
227,230
139,145
7,12
25,36
8,10
71,78
141,149
6,8
107,112
158,162
94,100
106,114
183,187
69,71
139,143
7,14
144,150
119,124
14,16
20,26
6,8
24,26
0,6
78,85
106,108
22,24
100,105
57,64
41,44
9,12
31,34
41,52
47,54
24,26
0,6
58,65
0,7
0,8
6,8
6,13
43,46
87,93
5,16
25,28
32,34
0,2
30,31
209,212
415,422
101,108
23,25
59,70
20,25
10,15
73,79
8,15
6,8
66,68
319,325
17,22
231,237
19,21
50,57
37,39
62,69
13,15
13,15
3,9
0,3
27,34
75,82
8,10
10,17
20,22
27,32
98,105
31,38
118,126
184,190
11,13
185,187
0,2
58,64
170,175
105,117
37,40
27,29
19,25
10,12
28,30
24,26
0,5
42,44
134,136
20,31
6,8
149,155
170,178
0,3
2,9
249,255
179,186
2,4
164,171
6,8
13,15
57,63
10,12
165,176
9,13
64,70
52,54
48,52
70,75
6,8
43,49
6,8
13,20
98,100
12,14
7,14
0,6
2,7
125,137
38,48
81,88
19,26
114,120
68,75
187,189
199,203
8,10
12,14
19,25
47,53
104,112
11,18
7,9
30,32
74,80
24,26
41,47
117,120
12,17
6,8
27,30
84,86
34,43
25,29
22,28
183,187
46,52
181,188
185,191
6,8
43,50
36,38
101,104
149,156
31,37
288,294
7,9
62,69
78,85
22,29
171,182
0,2
104,109
58,65
98,100
7,9
35,37
25,27
43,45
7,14
54,58
0,14
152,159
31,37
20,22
391,396
2,5
63,65
0,7
68,70
39,46
76,83
36,43
81,83
11,13
14,16
15,22
11,13
11,14
90,92
32,38
11,13
25,31
18,20
12,15
14,16
20,22
14,16
6,8
8,10
267,274
171,180
104,112
0,2
0,6
59,70
90,101
8,10
124,131
30,32
45,50
225,232
49,56
14,16
8,15
442,448
8,10
59,61
114,118
8,10
12,18
173,179
25,27
26,29
12,15
29,31
90,94
23,43
36,47
104,111
4,10
80,82
202,204
59,64
6,8
21,26
102,106
133,135
8,10
2,5
144,151
6,8
81,86
10,12
46,53
52,54
8,10
19,21
39,41
127,129
152,159
2,9
119,126
64,69
9,24
10,17
7,14
99,101
14,16
10,12
8,15
177,185
198,205
67,71
6,8
20,27
56,63
34,45
199,206
108,114
18,20
48,53
87,89
27,29
67,69
35,37
17,19
31,36
57,64
11,13
0,2
39,41
6,8
199,206
0,11
8,10
53,55
34,36
51,53
76,83
68,73
0,3
189,191
127,129
115,122
62,69
5,12
14,16
116,130
77,79
6,8
45,47
0,5
65,72
81,83
139,144
11,18
87,94
146,151
36,44
59,61
226,234
30,35
11,13
208,219
77,84
0,2
13,20
58,65
7,9
37,39
5,7
32,38
0,6
23,25
331,336
15,17
223,228
44,51
41,45
26,28
34,36
182,188
51,58
76,84
124,126
80,86
24,26
173,180
15,17
276,278
165,169
7,9
0,6
7,13
12,14
240,245
92,98
121,128
19,25
211,213
6,8
18,20
2,10
8,13
100,106
18,20
8,10
85,87
20,22
13,15
45,47
23,29
2,4
2,4
8,10
171,173
348,354
18,24
67,75
172,174
5,11
57,59
12,18
18,20
11,13
8,14
84,86
8,10
16,18
19,21
0,5
52,58
0,4
18,20
159,165
29,31
73,75
142,148
347,352
7,9
62,64
33,37
12,19
419,425
93,99
0,5
133,141
105,110
130,132
125,137
235,244
6,8
82,88
28,33
10,12
0,2
41,46
36,42
13,15
0,2
17,19
97,99
0,6
127,129
128,130
16,18
77,79
0,6
35,37
20,28
87,89
20,25
174,176
151,163
51,58
109,116
67,74
99,106
5,17
0,5
6,11
51,58
15,21
39,46
42,44
30,37
219,223
113,120
9,11
0,7
37,39
117,123
22,29
6,8
0,8
79,86
7,12
126,137
116,120
12,18
43,51
96,103
54,69
128,130
42,51
17,19
56,62
6,11
247,254
81,88
13,15
41,43
169,171
62,66
299,309
30,32
4,9
35,42
29,31
7,9
115,121
165,176
76,78
44,46
98,104
16,22
53,55
29,31
0,6
25,27
13,20
9,11
42,49
24,26
11,14
8,10
104,112
15,17
215,222
19,21
28,30
211,214
209,211
129,135
6,8
77,88
96,102
30,35
175,184
12,18
16,18
101,105
7,10
68,75
80,87
46,48
11,13
202,204
16,19
123,130
97,105
186,191
16,18
88,94
138,143
106,113
6,8
5,7
16,21
6,8
119,130
11,13
6,8
27,29
248,251
41,43
259,264
24,26
62,68
169,180
21,28
8,15
54,59
70,77
7,9
38,42
23,30
5,7
12,15
7,12
110,112
3,5
230,238
7,14
0,6
38,40
0,4
89,96
12,14
7,13
54,56
14,16
19,25
0,11
78,84
33,39
7,12
9,15
14,16
106,108
21,28
80,90
126,132
32,39
63,68
330,332
5,7
28,35
58,61
5,7
14,25
93,95
6,14
171,178
91,98
25,27
15,21
30,32
10,12
50,57
33,36
12,19
87,89
85,90
31,37
154,156
8,10
5,13
19,21
34,45
8,10
155,162
52,55
8,10
59,65
210,214
47,49
114,120
26,30
7,9
345,353
40,48
55,60
89,97
94,99
118,125
175,184
40,46
156,158
176,182
87,95
94,100
79,87
0,4
34,40
24,26
29,31
9,14
53,60
138,142
6,8
51,53
2,7
0,6
6,8
79,85
7,9
47,49
379,384
34,36
83,90
118,120
21,23
86,93
17,32
10,17
64,70
73,80
6,8
172,174
47,54
126,130
172,174
8,10
0,3
46,53
158,165
0,5
80,91
9,17
11,13
7,9
16,18
8,10
34,36
32,38
30,36
66,73
344,346
8,10
0,2
175,181
24,29
67,69
73,80
8,10
124,131
15,23
10,12
18,25
184,190
35,40
52,58
62,66
26,35
25,27
105,108
2,5
67,74
111,114
56,61
171,177
190,197
192,203
0,2
6,12
6,8
53,55
40,42
18,20
3,5
6,8
6,8
79,84
176,182
39,41
9,16
88,90
8,10
28,30
2,6
27,36
95,101
52,54
16,18
25,31
44,51
21,26
31,37
13,15
116,123
71,73
20,29
7,9
123,125
0,14
6,8
113,115
9,16
42,44
127,129
36,44
6,12
10,12
456,463
22,24
0,5
0,7
26,28
30,37
30,35
7,13
59,70
11,13
17,22
83,85
38,42
10,12
37,39
61,63
12,14
9,15
28,34
45,52
25,27
2,5
11,16
7,14
0,7
8,10
7,13
334,344
0,5
96,101
31,35
8,10
112,118
7,17
0,3
104,112
8,23
10,12
0,2
342,346
8,10
21,23
77,81
12,14
107,116
49,53
72,80
9,12
6,12
87,92
17,19
147,157
16,18
26,33
392,399
16,18
145,147
19,22
31,33
38,45
176,178
8,10
251,259
128,135
29,31
7,14
42,44
5,7
51,53
29,33
64,66
47,54
97,108
239,255
10,13
51,56
5,7
188,191
75,79
72,79
0,1
32,34
19,21
95,101
31,37
54,60
123,130
4,14
10,17
115,126
7,9
188,195
8,14
36,41
19,21
11,13
33,38
21,23
5,7
9,11
80,87
31,38
60,66
39,46
46,53
0,7
6,8
6,8
240,247
23,25
188,191
54,56
32,39
39,42
51,59
14,19
18,20
153,155
5,7
99,106
218,224
18,20
6,13
0,7
54,61
144,146
32,37
6,8
107,113
8,14
14,19
21,23
25,36
47,54
83,91
55,57
12,14
47,49
0,6
21,23
92,98
35,37
8,10
13,20
0,2
8,10
49,55
115,125
108,123
88,91
28,30
30,35
80,90
202,213
7,9
139,150
45,51
6,12
212,214
4,9
19,26
64,69
47,58
9,11
10,13
81,85
8,10
7,14
5,14
44,46
27,35
129,135
65,70
31,38
9,13
5,12
21,23
107,109
79,85
266,276
151,155
12,14
105,116
163,168
17,24
3,5
32,35
5,7
57,64
152,158
26,28
353,357
123,128
21,27
20,25
17,23
10,16
40,42
52,58
15,17
67,74
40,42
2,5
34,36
0,4
32,34
70,75
14,16
98,102
60,66
28,32
68,70
405,412
190,196
7,12
310,316
138,140
55,57
123,130
217,224
63,68
75,86
17,23
12,15
202,204
6,8
95,110
111,113
39,42
134,139
40,42
408,414
8,10
96,99
0,15
155,162
108,115
169,171
13,28
42,50
28,34
8,10
49,51
48,53
8,16
93,94
0,2
12,14
62,68
16,18
8,10
143,145
164,171
0,3
12,14
219,229
12,14
144,148
53,59
6,8
12,14
7,9
296,298
7,9
58,60
182,189
17,22
56,61
14,16
76,85
320,328
69,84
120,126
33,35
80,82
189,191
47,53
7,9
8,14
301,311
8,14
46,48
66,71
17,22
107,111
47,53
109,114
8,10
25,27
21,23
14,24
98,100
6,8
81,88
44,51
61,68
92,98
34,36
8,10
36,38
72,74
8,10
22,27
33,39
204,214
57,64
79,85
44,53
3,11
10,14
97,100
28,30
5,16
10,12
29,31
49,51
21,23
93,95
72,77
130,136
108,114
0,6
56,61
21,23
74,81
55,62
20,31
7,12
175,181
99,106
2,5
0,3
20,22
193,208
7,19
2,9
271,277
12,14
17,19
47,49
40,45
294,301
62,69
65,70
188,191
87,93
8,10
67,69
80,86
177,183
14,24
18,20
28,30
56,64
176,186
8,10
454,461
134,142
12,14
93,100
0,12
101,108
67,69
64,67
17,19
31,34
0,2
8,10
98,104
18,20
6,12
74,76
10,13
10,12
80,86
28,30
7,9
210,216
37,43
32,39
63,69
67,77
226,231
53,60
2,4
209,211
24,26
2,4
13,15
160,167
38,40
17,19
47,49
39,46
23,25
345,353
116,131
5,11
12,18
7,16
32,34
15,24
59,62
12,17
15,16
76,79
90,96
113,115
6,8
162,168
7,9
255,261
22,24
63,68
303,314
7,12
54,56
121,127
68,70
34,36
59,69
6,8
45,47
44,51
70,73
405,412
32,34
7,9
98,106
81,88
16,18
6,13
25,27
11,19
108,115
15,22
12,14
48,53
62,68
10,12
36,38
86,94
0,3
183,187
285,293
31,36
32,38
19,24
27,29
10,13
125,131
20,22
175,184
22,37
10,12
24,26
16,20
8,10
8,11
46,52
269,276
40,42
136,151
15,17
109,121
81,87
173,179
6,9
45,47
0,3
64,66
9,11
21,23
43,45
8,23
92,94
10,12
58,69
8,10
123,125
104,106
7,9
35,37
13,19
12,14
0,6
18,23
19,21
0,6
27,30
138,145
63,65
81,88
31,37
91,98
136,138
6,8
63,68
14,21
68,75
0,2
0,2
48,50
50,57
79,86
39,41
20,26
12,14
96,102
6,8
4,10
16,18
34,43
0,6
43,45
27,35
2,4
6,8
57,64
10,26
36,38
0,2
217,221
0,5
2,4
39,41
28,34
8,11
9,11
181,188
6,8
133,138
6,8
89,96
58,62
6,8
45,52
32,40
14,20
30,32
267,278
73,79
95,101
222,228
210,215
6,8
127,134
93,100
93,100
8,13
2,14
34,36
24,26
312,314
53,64
86,88
90,97
75,86
114,120
4,6
7,12
28,30
10,12
89,99
14,19
71,81
276,282
94,96
5,7
255,263
72,74
10,15
11,18
9,18
6,8
0,5
10,15
25,27
123,130
90,97
8,10
131,136
160,178
71,78
162,168
221,227
11,23
75,86
0,15
62,65
7,9
12,14
8,10
63,74
38,40
108,114
137,141
18,20
155,161
32,34
79,81
8,10
25,36
67,69
6,8
35,37
39,41
0,7
60,62
2,8
183,194
48,50
63,69
0,3
79,87
39,46
7,14
41,43
39,45
19,24
5,16
36,38
18,20
139,150
7,12
45,49
176,182
50,55
7,12
13,19
2,6
7,9
14,19
306,312
15,17
20,22
0,7
13,18
83,85
121,123
18,20
71,73
29,37
118,124
34,36
23,25
84,91
63,70
51,57
164,169
5,16
14,21
0,12
13,15
96,99
12,14
132,138
148,154
6,8
67,69
49,55
12,14
103,109
97,99
13,15
48,55
82,89
131,137
10,15
222,228
89,91
35,40
62,68
15,22
14,16
22,27
14,16
123,125
53,56
17,19
15,24
167,171
20,22
186,187
0,3
0,3
28,32
14,20
70,72
37,39
90,96
151,158
71,73
23,25
0,5
35,37
106,113
86,98
31,37
13,21
28,30
178,189
96,98
5,7
225,232
43,45
12,14
22,29
43,51
10,12
63,70
160,162
19,25
73,77
8,10
12,14
111,113
173,176
5,7
6,8
28,30
24,26
43,45
12,14
72,79
37,39
364,378
24,26
103,115
215,221
60,65
57,64
80,82
0,3
74,76
17,23
12,21
142,148
16,18
6,8
31,33
0,2
38,43
80,91
0,3
8,10
175,184
7,9
76,83
3,5
42,46
17,19
14,25
346,352
23,37
209,213
56,61
49,60
50,56
52,62
17,23
80,86
29,39
15,17
15,17
258,273
5,7
17,19
54,60
96,101
76,86
30,36
23,25
62,64
150,157
5,7
16,18
161,166
7,18
6,8
67,78
61,66
82,89
89,95
5,7
6,8
455,457
61,66
6,8
465,473
7,9
54,56
100,102
22,24
51,59
9,14
53,55
8,10
7,9
81,88
107,114
101,103
14,16
6,8
414,420
10,12
5,7
71,77
8,10
95,97
156,161
75,77
60,62
7,13
42,46
89,96
41,45
7,12
50,57
54,60
6,8
0,2
24,26
70,77
51,59
10,13
28,30
13,15
47,58
126,133
118,123
384,390
7,12
27,29
6,8
186,191
176,182
131,137
27,34
81,88
0,3
25,30
63,67
17,19
5,7
38,40
238,246
32,39
118,126
25,30
64,69
51,59
6,11
202,208
131,136
67,69
2,6
22,28
54,61
153,155
210,216
170,173
24,30
115,126
24,27
6,8
32,34
162,168
18,20
162,168
6,8
210,214
209,213
93,99
15,22
11,18
16,18
167,169
76,84
0,6
37,39
46,53
2,8
0,2
35,41
0,4
36,40
2,4
129,137
6,8
423,430
18,24
6,8
118,123
26,31
81,88
13,20
49,51
130,133
3,11
20,25
79,81
147,153
49,55
26,28
55,66
30,32
8,10
108,114
30,36
3,8
28,30
173,188
8,10
7,9
105,112
107,113
0,5
76,83
7,10
7,9
84,91
42,44
28,30
2,4
26,33
171,178
7,18
134,141
2,4
339,344
153,161
229,231
7,9
58,60
12,14
248,250
8,10
128,130
16,19
12,14
171,182
29,31
7,9
12,14
187,192
8,10
62,69
2,4
47,54
18,20
30,33
45,51
74,76
39,41
0,12
24,28
24,26
122,131
22,24
66,68
16,18
57,64
172,174
94,98
12,14
137,148
8,10
120,126
102,108
6,8
338,345
145,152
65,70
96,99
4,9
97,106
98,104
0,6
8,10
8,11
183,185
46,51
36,38
106,112
8,10
245,251
65,77
127,134
211,222
7,9
22,24
0,8
107,113
22,24
38,44
350,365
114,125
38,40
107,118
38,40
22,27
4,10
43,49
147,149
152,154
139,143
228,236
0,6
12,14
3,5
16,18
190,196
32,36
154,157
39,45
60,68
15,20
16,18
89,96
89,94
37,44
55,57
49,56
0,3
21,23
73,81
59,66
75,77
20,23
63,68
7,9
6,8
91,98
22,29
45,47
326,328
15,21
96,102
45,51
211,222
6,9
86,88
82,88
2,12
8,23
17,19
8,12
6,8
45,47
153,156
0,3
276,282
72,79
5,11
290,292
86,97
50,52
135,142
6,8
0,3
133,135
27,31
21,26
18,20
206,212
7,19
20,22
204,206
23,30
49,55
73,80
10,12
189,200
28,30
28,30
166,172
74,79
6,8
0,5
79,84
69,76
53,64
35,40
95,102
113,123
43,54
47,53
348,354
26,32
41,48
98,106
26,32
152,157
107,113
67,69
0,3
47,53
7,13
2,5
11,13
29,44
11,18
105,117
25,28
206,213
0,2
154,160
45,52
48,52
54,61
119,124
333,335
35,47
22,24
98,100
25,30
5,7
73,77
2,4
25,27
130,136
7,12
6,8
310,317
15,21
38,43
66,68
0,2
8,10
108,114
69,71
7,9
6,9
84,90
182,184
49,55
14,21
6,8
15,17
43,45
39,43
8,14
4,10
88,90
31,38
0,11
20,22
21,23
34,40
13,15
353,357
16,23
17,22
120,122
0,3
127,129
108,114
2,8
171,179
88,91
30,37
17,23
16,18
23,27
0,3
80,86
118,128
13,15
71,73
9,20
9,14
164,171
30,32
27,29
20,22
38,40
9,11
32,34
2,4
98,107
124,131
38,47
83,85
25,31
101,105
81,83
110,112
59,65
10,21
143,149
7,10
10,12
22,26
8,14
26,29
39,42
169,180
33,38
6,13
71,73
22,24
317,322
11,13
229,232
87,94
181,186
5,7
230,238
328,330
64,71
22,28
90,93
12,14
98,104
91,102
132,137
19,21
19,26
74,82
6,8
181,187
255,261
47,53
124,130
18,21
170,172
10,17
10,17
0,2
74,80
6,8
29,34
36,43
26,28
68,74
26,32
30,37
3,11
13,18
82,90
48,55
56,63
8,10
8,11
34,41
19,24
8,10
28,30
29,31
11,13
160,169
59,66
345,353
70,72
52,59
22,24
2,8
14,16
141,145
0,6
136,141
143,145
53,64
8,10
38,45
154,156
34,42
93,95
27,29
73,75
62,64
130,133
3,5
171,178
86,97
123,127
82,88
152,154
8,10
16,18
7,10
7,10
108,115
45,47
129,136
14,16
9,20
18,24
28,32
107,113
7,9
124,131
13,15
32,38
89,97
38,43
10,16
0,6
120,123
22,24
13,15
42,44
22,24
79,86
0,6
10,12
50,57
2,10
6,8
27,29
39,41
6,8
65,69
112,114
27,29
100,105
21,32
13,18
22,24
48,59
6,8
63,70
291,302
19,24
80,82
2,5
10,12
36,39
34,49
14,18
8,14
13,20
196,201
38,40
10,12
0,3
96,106
7,18
8,10
15,16
26,32
49,61
76,78
2,8
6,8
76,84
10,12
7,9
45,47
27,31
139,145
10,12
72,76
39,44
0,3
91,100
15,17
6,8
71,74
6,8
130,135
7,10
64,71
21,23
106,112
29,31
442,447
4,9
7,9
74,78
0,6
39,45
79,86
252,256
69,76
7,14
71,73
51,58
22,28
48,55
8,10
31,33
14,16
16,18
60,67
126,128
112,118
133,141
137,142
93,101
6,8
5,22
8,10
11,17
60,66
1,3
35,42
6,8
49,51
0,1
118,124
0,3
80,90
59,65
46,53
63,70
71,76
46,53
56,64
112,118
7,12
49,56
85,87
42,44
87,94
132,139
15,23
21,23
30,32
38,46
18,24
30,37
3,5
18,24
57,59
179,185
143,145
6,8
343,346
55,65
168,170
10,12
27,29
136,150
7,14
13,19
42,46
8,15
24,26
19,22
6,8
112,118
428,440
12,14
47,53
9,11
40,46
49,51
41,43
5,7
48,53
4,10
7,9
184,190
0,2
45,52
115,129
7,9
54,61
394,409
77,88
35,40
31,37
331,338
140,147
12,18
13,21
50,54
91,98
18,26
99,101
3,11
378,389
31,33
152,154
8,14
23,29
21,23
64,66
30,37
26,31
124,130
3,5
12,18
26,31
10,12
30,32
178,185
23,25
0,6
81,85
22,27
18,23
143,154
35,37
100,102
61,66
12,14
2,13
124,139
12,21
56,63
4,6
156,163
51,53
26,30
7,9
8,10
218,224
200,217
187,189
52,59
0,3
83,85
69,75
0,3
49,55
17,21
64,70
63,68
17,19
169,175
98,104
3,9
43,45
20,27
4,6
50,52
21,23
0,7
17,22
162,168
50,53
22,27
63,65
14,16
18,20
118,126
103,109
33,38
2,4
331,339
75,79
40,47
29,31
5,11
38,53
105,107
80,82
83,90
10,25
46,53
14,18
19,21
41,47
0,2
324,330
6,8
17,19
187,190
8,10
124,131
78,84
16,21
24,28
49,55
6,8
296,298
43,51
85,90
21,23
2,6
67,76
199,206
198,202
10,12
29,31
88,94
20,28
8,15
22,33
43,48
29,31
2,8
5,7
108,114
32,36
73,75
24,26
54,61
18,25
29,34
23,27
25,30
45,47
352,357
26,28
0,2
4,7
2,8
120,126
92,98
60,62
57,59
46,48
97,104
0,6
9,11
130,136
11,13
7,9
31,33
198,205
45,50
10,12
6,8
0,5
5,10
183,190
212,218
8,10
38,40
29,34
158,164
76,83
71,73
0,5
19,26
60,62
32,37
143,145
0,6
0,7
93,94
39,54
8,10
60,67
0,5
0,5
13,19
34,40
106,113
24,28
2,7
14,16
7,12
13,17
75,82
28,35
190,192
24,26
15,16
21,23
23,28
18,20
9,15
27,31
88,94
178,180
31,33
120,126
44,47
16,18
83,90
0,3
15,17
80,87
24,26
118,125
96,106
79,85
0,5
134,141
112,114
8,10
225,232
205,215
207,210
0,1
36,48
195,208
127,129
5,15
6,8
266,276
27,29
70,77
8,10
102,112
321,328
81,88
16,22
28,30
9,11
67,73
61,66
67,74
318,327
62,64
107,111
0,2
10,12
83,90
139,141
91,97
127,134
10,12
7,13
39,43
5,8
123,129
8,14
44,46
58,60
239,242
14,18
81,83
394,409
119,121
12,17
59,70
7,11
65,70
95,97
199,204
10,15
9,16
27,32
38,40
5,7
17,19
2,5
96,101
0,7
43,45
95,100
166,168
190,195
113,123
17,19
242,247
12,14
6,8
12,14
55,61
6,10
18,30
9,12
26,31
18,25
57,64
216,221
44,46
11,13
36,41
10,12
179,181
43,47
6,8
19,21
29,35
57,59
95,102
123,129
28,30
276,282
286,292
44,46
46,53
47,50
10,12
64,69
74,81
98,103
17,19
149,156
8,10
37,45
164,167
32,39
3,5
31,33
12,14
117,121
164,166
65,67
6,12
57,63
6,8
125,137
50,56
14,19
67,74
50,52
8,12
9,15
174,185
6,8
0,5
33,35
23,30
63,68
8,17
7,9
31,36
10,16
58,62
89,96
160,171
17,19
18,20
252,258
5,7
179,181
133,143
46,53
95,101
68,74
24,31
227,230
64,66
21,25
22,27
124,135
19,21
6,8
342,357
8,10
42,44
17,19
74,79
59,65
71,76
10,12
20,27
202,204
21,26
88,95
114,117
8,15
7,9
14,22
8,14
80,91
88,90
7,12
100,106
272,274
8,10
5,11
44,46
2,4
28,30
36,42
6,8
48,52
0,3
8,10
20,31
163,169
174,179
33,39
140,146
57,59
145,147
0,6
96,102
6,13
56,61
179,185
67,69
70,72
31,43
170,172
49,54
13,15
20,25
0,2
0,3
13,21
98,104
7,10
38,44
0,6
14,16
71,73
172,178
13,15
25,31
125,140
26,28
27,29
13,15
218,224
17,23
8,12
60,67
32,38
2,4
40,47
91,98
13,17
19,26
8,15
89,91
8,10
113,115
127,138
45,47
17,23
182,188
5,7
209,213
37,39
12,14
63,67
80,82
6,8
0,6
0,4
110,117
53,64
98,100
136,141
92,96
0,4
63,65
323,326
283,294
14,16
7,13
24,30
10,12
68,74
33,38
6,8
123,125
44,50
0,3
8,14
15,26
23,28
0,2
6,13
202,208
63,65
4,19
33,35
74,76
4,9
7,9
25,31
3,5
31,38
0,2
24,26
112,114
30,32
214,220
8,10
93,105
20,26
88,96
171,182
0,12
21,23
67,72
25,30
19,27
113,115
2,4
12,14
70,75
49,56
44,60
202,204
142,146
8,10
249,256
74,76
18,20
0,1
229,240
0,2
173,179
81,88
71,74
151,163
37,42
15,17
6,8
27,38
10,12
6,8
115,126
102,113
81,88
6,20
0,3
83,85
205,213
106,113
95,102
2,5
20,27
6,8
278,293
6,8
290,292
177,181
80,87
59,61
115,121
202,209
24,26
0,2
0,3
180,186
2,4
36,37
13,20
99,105
33,35
12,14
47,55
8,10
105,116
0,7
48,54
14,24
9,14
32,39
57,59
0,7
126,133
13,15
54,60
0,8
52,54
32,34
93,100
32,38
11,13
0,3
245,252
86,89
56,71
7,9
22,28
0,3
6,13
15,21
12,14
6,9
41,44
52,60
230,238
7,12
130,132
46,53
42,44
8,10
32,38
0,6
164,166
5,12
18,20
9,11
36,38
95,100
215,225
54,56
62,64
26,28
0,2
96,102
7,9
66,73
37,39
13,15
160,167
8,23
22,24
113,115
93,98
19,30
179,181
100,107
47,52
9,11
31,33
288,293
0,3
2,4
31,33
28,30
81,83
12,14
178,185
20,26
6,8
46,53
18,20
10,14
6,8
183,189
27,29
12,14
10,12
16,20
107,113
200,206
42,49
95,97
41,44
86,93
100,105
41,52
31,33
41,43
2,5
116,122
140,144
2,4
69,71
11,16
148,151
44,51
0,2
17,23
34,36
106,108
27,31
19,21
9,11
8,23
6,8
48,50
38,49
173,180
62,68
0,6
5,7
0,3
125,130
142,148
13,15
145,149
79,84
96,103
73,88
37,44
64,69
26,28
33,39
170,172
26,32
16,21
103,110
0,2
12,19
368,373
273,276
18,25
9,11
0,4
105,112
9,12
29,31
88,94
46,53
18,22
7,9
6,8
114,121
115,117
13,15
30,41
19,26
6,8
15,21
85,91
186,187
20,27
129,140
36,38
132,139
12,14
97,105
7,13
10,12
333,335
5,7
0,2
93,95
77,79
5,7
38,53
62,64
60,68
250,257
111,126
17,19
3,11
0,4
19,21
38,40
3,10
20,22
171,182
46,51
62,69
210,218
126,128
24,31
89,96
80,82
19,26
71,78
128,139
21,25
9,11
97,103
111,119
48,55
35,37
51,58
43,45
162,167
131,138
81,83
13,18
14,16
39,43
61,64
22,24
23,25
188,190
14,16
7,13
0,6
18,20
75,83
41,43
8,15
124,131
138,145
89,93
37,39
35,40
10,16
6,8
44,46
8,10
13,15
30,35
8,13
405,412
288,294
58,61
81,83
199,203
18,20
62,69
20,28
14,16
20,24
102,105
12,15
37,39
25,28
7,9
56,61
97,99
53,57
29,34
180,182
110,112
20,27
15,22
79,87
39,41
64,66
7,9
12,18
0,11
152,158
210,216
200,204
14,16
12,27
22,29
31,37
273,280
6,8
8,10
22,28
4,9
24,26
118,124
20,26
2,7
76,80
136,141
6,8
31,34
5,10
53,60
17,25
47,57
0,3
152,158
245,247
12,14
8,11
114,118
36,42
209,211
2,10
320,327
51,53
45,51
73,75
43,51
10,24
56,63
8,15
14,29
8,10
5,7
0,7
31,33
42,50
243,252
28,33
48,55
254,260
5,7
57,64
15,22
11,13
113,123
67,74
89,91
2,13
292,303
40,47
0,2
107,111
154,159
83,90
0,6
17,19
111,117
129,135
36,38
66,68
20,27
8,10
7,14
4,7
51,58
130,136
125,132
92,101
123,125
2,5
6,11
14,16
5,8
6,9
37,39
55,61
15,17
26,29
2,4
13,15
93,95
90,95
159,170
54,56
77,84
8,10
31,36
87,93
310,316
353,357
36,38
37,44
21,23
2,6
8,10
24,26
51,54
160,167
173,176
6,8
64,69
108,114
61,66
10,19
141,149
15,26
12,19
27,29
33,40
8,10
67,69
102,104
44,46
62,64
153,157
39,41
76,86
0,5
99,104
31,37
0,2
40,42
77,88
275,281
11,13
74,81
261,263
13,15
137,141
179,182
0,12
23,25
140,146
7,9
2,4
57,61
8,10
12,18
106,112
98,103
63,65
50,52
42,49
3,5
18,22
14,16
42,44
155,157
4,12
17,25
25,27
21,26
198,205
71,75
8,10
40,42
43,45
8,10
454,461
7,9
108,114
10,12
10,15
210,217
54,56
6,8
20,22
51,53
2,4
14,18
98,105
31,33
7,10
93,95
23,25
8,10
12,14
303,305
28,30
13,28
97,103
50,52
8,10
72,78
6,8
50,52
2,5
14,16
67,69
0,6
8,10
73,79
17,19
330,332
65,71
34,41
8,10
188,191
13,19
12,14
123,125
33,35
62,64
31,38
55,64
36,41
6,8
28,33
37,42
18,23
29,31
72,75
0,5
331,337
18,20
21,23
298,313
27,29
87,93
6,8
34,41
8,14
0,5
38,45
59,61
16,18
224,231
28,30
12,14
27,29
218,220
84,86
8,10
75,77
36,43
8,10
38,43
120,126
23,29
155,162
32,37
25,39
98,106
7,18
10,12
98,104
184,191
106,114
162,168
60,62
126,133
123,125
130,138
40,42
0,2
12,19
8,16
29,31
73,75
118,125
6,8
313,319
36,42
71,78
5,7
263,270
33,35
2,8
16,18
71,73
20,25
19,21
8,14
18,20
10,12
135,142
4,9
8,10
98,104
75,78
9,11
0,3
212,219
106,113
62,69
189,193
10,17
82,89
67,73
66,74
176,182
18,20
19,24
133,135
136,142
75,82
59,65
0,11
99,101
29,31
121,123
28,35
12,14
104,115
0,3
45,47
28,30
11,14
48,52
35,42
92,100
176,178
2,7
44,46
38,44
76,84
56,58
19,26
107,112
10,12
8,14
62,66
269,274
15,17
74,80
143,145
0,3
164,175
25,27
91,98
107,117
10,12
29,31
87,93
8,10
2,4
45,56
31,33
310,316
6,11
31,37
52,54
103,114
15,26
120,122
6,18
153,160
210,216
0,6
16,18
290,292
44,49
85,87
65,71
48,50
63,65
245,251
338,342
48,50
21,23
2,5
103,111
76,83
112,118
17,23
11,16
45,49
35,44
63,74
0,3
54,59
83,85
63,78
8,10
125,137
28,33
8,10
88,91
81,87
13,15
45,52
95,98
53,55
114,120
57,65
79,83
36,38
23,28
72,77
62,69
88,90
75,83
13,19
14,16
31,45
31,34
115,117
64,71
12,18
10,14
120,126
73,79
281,287
61,68
62,64
166,176
12,14
60,68
160,170
12,14
234,241
180,186
109,117
19,25
2,4
13,15
35,42
18,20
35,42
29,31
122,129
13,15
6,8
204,207
10,12
71,77
0,6
15,17
0,2
23,25
26,28
25,31
76,82
89,99
6,8
0,7
19,21
188,191
45,56
92,97
18,20
112,119
31,33
76,80
139,150
267,273
291,298
139,145
34,36
93,100
286,292
47,49
6,8
231,233
29,37
171,177
30,38
13,16
79,84
0,6
6,8
8,15
66,68
91,98
79,84
133,144
7,9
12,14
281,292
18,21
14,19
45,47
88,90
77,79
7,9
7,9
7,9
199,210
12,14
86,93
143,150
54,60
310,316
2,5
79,86
74,81
2,13
22,31
63,70
8,14
0,5
34,36
97,107
2,5
49,55
113,125
16,21
134,141
7,18
46,52
5,7
206,211
6,8
67,69
257,259
22,27
33,39
11,13
6,8
93,95
231,237
8,10
29,31
52,56
90,94
32,34
104,110
50,55
166,172
93,99
83,85
36,38
80,82
58,68
2,4
63,71
12,14
76,80
7,9
55,61
29,31
72,76
13,15
77,82
9,11
5,9
0,4
2,9
70,81
166,172
0,2
32,38
74,78
188,193
23,25
0,2
182,185
61,63
131,136
32,34
8,10
9,15
33,37
70,77
333,335
23,30
104,109
6,8
38,40
2,7
23,29
21,28
44,51
172,174
153,157
5,7
11,13
29,31
45,47
101,105
2,4
13,15
80,87
220,226
6,8
123,130
14,16
10,12
11,16
4,9
7,9
221,223
22,28
8,14
54,60
76,78
8,10
70,75
0,6
62,64
20,22
18,20
0,3
6,20
10,16
18,20
15,24
307,311
82,87
4,6
8,23
131,136
14,16
203,205
49,56
103,115
54,65
59,70
267,274
29,37
33,38
98,106
102,108
8,10
13,15
41,47
42,44
234,241
5,16
8,10
196,199
28,39
184,190
96,101
20,26
65,71
22,27
93,104
17,19
107,111
4,10
111,116
40,42
32,39
32,34
13,20
153,155
9,11
93,94
315,326
5,12
17,23
57,59
0,12
143,145
88,90
63,65
25,27
201,209
21,23
144,148
68,70
92,95
62,69
155,163
10,12
63,70
101,112
28,30
108,114
271,280
18,30
79,86
32,34
5,7
31,38
87,89
16,18
145,147
57,62
25,27
0,2
47,49
23,30
104,112
0,2
52,59
53,60
7,9
57,59
67,74
24,31
7,9
323,326
7,9
77,83
10,12
0,4
63,70
33,39
153,159
7,9
9,11
155,166
15,17
0,5
44,49
6,8
8,15
34,36
6,8
229,231
63,70
8,10
32,36
181,188
12,14
180,186
48,50
69,80
60,71
47,58
92,97
0,3
32,38
19,25
67,69
89,100
105,111
62,68
14,16
46,54
83,85
0,3
57,62
17,22
209,211
0,3
95,101
4,9
219,226
88,91
29,31
0,3
13,15
14,18
0,5
32,34
63,65
2,7
11,16
31,33
162,164
8,10
252,258
6,8
79,87
6,14
8,10
70,75
2,9
6,8
14,19
8,21
148,150
107,113
155,157
4,6
32,34
0,12
33,35
63,69
58,61
14,16
35,40
322,332
30,37
133,141
0,6
62,64
7,9
3,5
115,121
3,5
20,25
0,3
11,14
23,28
2,4
17,19
312,320
26,28
9,11
223,234
18,23
68,71
199,208
181,187
59,70
116,123
129,136
26,28
34,36
50,56
58,64
11,20
36,38
38,43
79,90
115,121
135,139
108,115
8,10
113,115
4,10
8,10
160,162
47,51
34,39
179,181
76,78
7,14
23,25
14,18
11,16
67,72
215,221
140,146
65,72
71,73
97,104
36,38
35,37
47,52
35,37
134,141
2,4
11,14
41,48
36,41
218,220
107,109
154,156
5,7
48,58
57,62
64,66
9,16
17,19
2,4
13,17
23,25
10,12
183,187
6,8
38,43
44,51
8,10
64,70
7,9
17,19
31,36
99,103
0,10
172,174
12,16
13,15
18,20
296,302
6,9
255,263
0,5
40,46
114,120
40,46
100,106
11,16
33,35
13,15
100,105
73,78
6,8
122,129
99,110
8,10
178,189
9,13
61,68
38,40
49,51
20,22
123,130
76,78
8,10
57,64
58,65
10,12
27,29
0,5
8,10
24,28
32,39
35,42
28,30
35,47
6,8
57,59
51,55
25,27
33,35
9,16
118,129
34,36
6,11
10,12
41,43
102,104
89,96
75,77
2,4
21,23
0,2
362,364
64,70
23,29
72,82
7,9
173,176
210,214
10,12
68,74
130,145
7,9
35,37
0,3
34,42
48,52
88,91
6,8
8,10
0,2
7,12
37,39
2,4
60,66
178,189
24,31
52,59
4,9
159,166
6,8
12,18
13,19
89,91
130,132
4,9
94,101
28,35
84,91
226,231
111,117
100,110
8,10
173,176
335,341
40,47
48,55
41,48
296,300
26,29
115,123
6,8
66,68
128,135
0,3
57,59
82,88
19,24
171,177
0,3
89,97
32,34
146,157
11,13
63,65
0,7
11,13
11,18
43,45
34,46
39,41
294,302
6,8
9,11
48,50
40,47
267,274
75,90
40,42
10,12
291,297
7,9
22,27
37,43
12,14
47,49
21,27
181,188
27,29
35,42
0,11
130,132
46,49
90,95
25,27
184,194
54,60
7,13
14,20
7,19
50,57
213,217
17,19
8,10
57,61
107,112
217,224
62,68
8,10
113,115
169,175
5,7
173,176
43,45
9,21
41,48
64,66
8,10
6,8
43,48
14,16
19,26
206,212
66,72
29,35
96,98
101,103
13,20
101,103
100,109
65,72
8,10
227,233
87,94
116,120
25,30
26,28
28,31
15,22
7,13
90,94
48,50
31,33
13,15
189,195
123,125
240,251
8,10
71,78
26,28
5,8
88,90
64,67
25,27
0,6
7,9
272,275
34,36
15,19
168,175
0,3
11,14
10,12
36,39
39,43
156,163
0,6
49,52
2,7
59,61
140,146
12,14
5,7
0,11
13,15
123,130
63,68
6,8
7,14
164,175
93,101
10,12
89,95
18,23
0,3
18,21
6,8
211,222
139,146
24,30
2,4
5,9
6,8
41,43
24,26
0,3
59,70
198,202
7,12
174,176
159,165
0,2
100,106
6,8
7,9
38,40
67,69
10,12
55,65
11,17
57,63
103,110
7,9
12,14
76,84
31,33
3,12
27,29
215,217
0,3
15,24
44,46
23,25
32,38
109,115
8,10
27,29
8,23
8,14
62,69
123,129
8,10
232,239
50,52
12,14
166,172
0,2
40,47
108,114
22,24
8,14
38,40
92,98
78,83
5,7
65,76
180,185
228,236
17,19
20,33
19,26
131,138
68,70
4,9
168,180
97,102
92,99
55,58
75,80
7,9
2,5
47,52
25,29
13,15
95,106
165,176
124,135
8,10
10,15
0,5
34,36
229,231
2,4
26,32
151,158
96,103
43,45
251,259
71,73
6,8
108,114
36,49
51,53
123,130
39,45
17,19
29,35
0,7
10,14
6,8
30,32
110,116
107,114
173,176
8,10
133,135
20,31
79,81
323,326
17,20
6,8
93,94
193,199
5,8
56,64
140,143
78,85
51,57
144,155
42,49
32,38
0,12
18,20
230,238
29,31
6,12
17,19
46,50
89,96
6,8
107,115
141,146
39,43
318,326
12,20
38,40
112,118
54,61
14,19
52,59
37,39
12,27
14,16
19,21
62,69
0,5
5,7
199,206
253,259
96,98
204,206
5,7
10,12
65,72
156,158
66,73
135,142
46,48
5,7
331,336
13,15
7,9
124,131
44,50
25,41
0,5
6,8
57,64
105,112
11,14
134,145
126,137
0,6
17,24
7,14
350,361
65,72
21,23
36,51
46,60
200,206
13,15
5,10
27,29
42,44
145,152
16,18
188,193
21,29
70,75
43,45
15,17
49,55
93,104
7,9
0,7
239,254
17,19
210,218
200,208
67,69
16,18
7,12
6,8
10,15
44,47
59,64
0,8
270,276
24,26
245,251
133,137
99,106
162,168
6,8
151,158
8,10
9,11
68,75
40,42
70,80
27,29
3,5
27,34
102,109
24,26
223,230
67,72
43,45
6,8
176,178
18,20
125,131
5,7
189,195
90,97
8,10
218,220
33,38
0,3
99,102
210,216
91,98
5,7
127,133
74,81
6,8
98,104
77,85
9,16
100,106
8,10
104,112
190,197
8,10
3,5
125,127
36,43
27,29
76,78
8,10
88,94
84,86
179,185
0,3
9,13
78,83
34,43
119,124
169,177
15,16
7,9
103,110
96,103
13,20
110,112
89,99
13,18
15,20
276,282
0,5
15,17
123,130
8,12
8,14
93,95
0,6
64,70
27,29
22,27
167,172
6,8
74,76
47,49
170,172
27,31
211,218
26,28
172,174
56,58
76,83
321,331
21,26
331,336
0,8
69,76
7,9
0,6
97,112
8,15
54,59
24,31
88,94
261,269
164,169
189,191
0,2
21,23
132,138
2,5
58,62
75,77
0,6
10,12
179,181
54,56
56,62
45,47
56,58
18,20
12,14
33,36
53,55
42,44
0,7
16,21
120,123
123,134
8,10
276,282
114,119
6,8
391,396
32,38
6,8
10,12
31,33
17,24
100,106
2,9
8,10
20,24
86,96
80,82
149,159
25,28
45,50
5,9
276,283
39,43
65,71
11,15
169,176
0,7
2,12
41,48
8,14
41,43
21,28
81,88
231,236
38,45
28,30
18,34
18,20
0,7
52,54
13,20
6,8
9,20
207,212
2,4
104,106
9,11
147,149
28,30
8,10
106,108
54,58
8,10
41,43
0,2
15,17
13,15
66,68
66,73
71,77
23,25
45,47
34,40
52,54
5,8
71,78
143,145
5,7
98,106
6,8
44,52
38,45
159,173
60,67
49,51
26,28
21,23
0,2
126,132
5,7
44,46
2,7
12,18
57,59
12,19
68,75
38,53
3,18
6,8
76,80
72,74
76,91
25,27
29,35
24,27
11,13
316,322
42,48
8,10
6,8
31,38
57,64
36,38
192,199
24,26
150,156
247,252
6,8
45,47
12,14
144,150
51,58
7,10
91,93
16,20
59,62
160,167
53,55
6,8
24,26
100,107
210,217
92,98
20,25
82,88
35,42
31,35
45,61
10,12
70,72
41,48
131,133
38,44
127,134
17,25
0,6
57,59
37,39
6,8
27,34
79,85
14,20
14,16
56,58
78,85
41,43
166,173
199,201
27,32
56,58
222,229
5,8
95,101
118,128
29,31
5,12
144,149
6,8
8,14
94,105
8,10
67,69
24,26
50,57
39,42
13,18
26,33
276,278
51,57
7,12
154,156
32,39
8,10
18,20
0,6
155,162
112,118
0,6
0,3
4,10
26,28
5,11
53,57
114,118
8,10
29,35
19,26
74,79
176,182
60,66
17,24
135,139
32,38
181,188
25,29
168,175
25,27
93,94
151,156
8,10
57,65
19,21
11,14
12,18
6,13
11,13
87,89
56,58
18,20
60,62
7,12
79,87
76,85
317,332
8,10
115,129
0,6
90,97
17,23
51,53
10,12
53,55
0,13
8,10
5,11
94,96
23,25
184,190
189,196
128,134
34,36
45,51
96,99
173,176
136,140
91,93
27,34
163,167
8,10
75,83
21,26
0,3
58,60
0,6
113,118
113,123
112,119
136,138
9,11
77,82
53,58
120,126
53,59
7,14
21,23
55,69
100,102
159,165
6,9
22,24
152,154
8,10
11,13
19,21
0,7
16,18
100,102
25,27
6,12
174,176
7,9
7,9
43,45
46,54
2,7
0,2
0,5
35,40
59,70
87,89
103,111
8,17
88,90
2,5
368,373
63,69
10,12
95,101
43,50
51,58
135,142
94,101
89,107
6,8
32,34
7,15
147,149
7,9
17,20
34,43
117,124
65,67
37,39
20,27
37,42
13,15
8,10
57,59
100,106
26,32
7,9
423,430
9,15
156,158
2,4
123,125
6,8
20,22
21,28
10,12
59,61
291,306
88,90
79,81
6,8
118,129
54,56
4,9
8,10
63,65
24,29
39,41
67,69
42,46
59,61
250,252
22,24
10,12
106,108
61,64
8,10
68,75
155,165
74,76
0,2
36,43
38,40
5,7
44,53
109,111
171,177
14,16
201,205
31,37
112,122
6,8
6,8
101,103
150,157
276,282
58,60
7,9
12,14
119,130
10,12
37,51
34,36
0,2
147,153
54,61
8,14
116,130
17,19
39,41
209,213
0,3
11,18
209,211
27,34
178,183
25,36
121,127
8,13
33,39
87,95
87,93
46,53
147,159
8,10
83,89
57,68
2,5
108,114
15,22
104,111
49,51
7,13
67,69
158,162
10,12
14,19
6,8
28,30
16,23
45,47
12,14
33,38
48,53
17,23
16,18
0,2
168,170
7,9
46,53
93,95
12,14
47,54
107,109
18,23
130,132
34,41
55,57
2,5
6,8
80,87
179,181
196,202
0,8
104,111
103,109
0,10
12,14
33,40
17,22
93,95
90,93
92,99
198,205
2,5
0,12
210,218
2,8
129,136
115,129
11,18
68,74
20,24
140,146
2,7
218,220
130,132
24,31
44,51
100,106
0,5
132,138
198,204
39,41
0,2
79,87
133,138
50,52
267,278
7,9
6,8
15,19
106,113
250,252
54,59
6,8
159,165
13,17
57,64
6,8
143,150
8,13
81,83
259,270
48,53
14,25
61,68
12,14
169,189
11,13
23,28
6,9
257,259
19,21
80,86
51,54
29,31
14,16
152,154
108,115
55,65
52,57
12,14
34,36
2,9
23,25
70,75
17,23
155,162
186,188
68,72
8,10
20,25
55,58
9,11
76,78
9,20
13,18
178,189
7,13
95,100
93,105
7,12
0,3
38,45
107,112
7,9
28,32
0,6
14,16
37,39
7,12
16,24
22,26
0,2
52,58
40,42
28,30
0,3
211,222
7,18
36,41
36,38
273,276
87,102
89,99
50,58
7,9
20,24
33,38
10,12
62,64
7,13
48,50
186,192
129,136
2,4
52,58
66,72
50,52
107,111
166,168
6,12
100,105
24,26
88,90
98,105
5,9
2,5
2,4
43,45
2,7
88,90
52,54
89,95
107,111
43,50
15,22
103,115
264,271
74,82
6,8
7,13
8,10
10,13
2,5
47,54
12,18
20,22
38,41
38,40
6,8
26,28
57,59
0,3
49,55
107,114
181,188
31,35
62,69
108,111
6,9
0,5
131,146
85,90
53,57
117,121
130,137
27,35
0,7
209,215
12,18
16,18
22,29
37,39
29,34
6,8
8,10
14,21
1,3
13,15
32,40
209,211
74,78
2,4
5,7
37,39
27,35
46,52
60,66
0,6
0,5
51,59
127,134
7,9
169,189
196,200
20,27
58,65
15,22
20,22
217,224
11,13
80,83
143,149
32,37
8,12
88,90
15,17
23,29
0,2
2,8
6,8
107,114
47,58
8,10
152,154
301,305
13,18
117,124
10,13
199,206
67,69
18,28
31,41
144,148
320,328
41,48
95,102
3,9
35,37
221,223
33,37
8,10
76,83
81,83
6,8
2,4
285,297
15,17
0,2
11,13
5,7
8,10
129,144
89,97
37,39
97,103
10,18
93,94
58,64
15,17
57,64
8,10
5,7
93,105
61,63
83,95
35,42
13,15
45,50
77,82
119,121
25,27
63,70
33,35
50,57
58,60
0,3
250,256
34,43
115,123
159,166
12,27
5,7
50,57
35,42
0,2
36,38
0,2
378,389
23,29
176,178
338,343
46,48
6,9
23,25
12,14
130,135
24,30
10,12
21,23
17,23
0,8
29,35
346,352
16,18
20,22
44,46
36,38
5,8
28,30
8,14
36,38
41,52
66,68
43,45
86,96
125,131
76,86
67,71
2,5
134,140
182,185
6,8
86,93
12,18
116,123
42,44
14,16
32,37
88,90
196,202
104,111
113,117
105,107
22,24
80,86
15,21
58,60
87,94
7,18
66,69
189,191
24,27
25,27
172,174
14,20
62,69
276,282
15,21
10,12
76,80
28,34
19,27
8,14
153,157
93,95
97,99
15,21
15,17
7,13
17,19
8,10
32,34
16,18
161,172
98,104
2,8
160,167
6,8
0,7
36,38
0,2
123,130
117,126
7,13
90,100
7,12
87,94
29,34
8,10
34,36
313,319
0,2
266,276
102,109
12,14
49,55
139,144
7,13
17,24
379,384
129,137
110,112
176,186
192,199
22,26
150,156
24,26
103,115
36,43
12,14
62,64
2,8
90,94
100,106
69,71
8,10
77,82
23,38
105,108
50,52
57,64
9,11
24,28
16,18
44,46
115,129
211,217
59,61
3,11
28,30
17,24
5,16
15,19
21,23
132,136
32,38
24,26
62,64
197,202
7,17
0,2
5,11
8,23
147,149
16,23
46,53
13,15
70,75
12,19
32,34
264,275
17,22
8,10
14,16
252,259
266,272
14,16
67,72
109,115
33,38
8,10
145,147
121,127
24,31
10,17
222,228
18,20
91,98
0,11
23,28
93,95
55,62
0,12
63,65
96,100
12,14
85,92
44,53
8,15
8,14
15,21
33,38
145,147
10,15
67,74
60,66
113,119
2,7
53,57
114,125
171,175
0,2
129,135
8,10
85,87
58,60
8,11
113,123
10,14
87,92
60,66
19,21
27,34
16,18
153,157
106,111
35,40
0,2
12,14
117,123
7,13
141,148
140,144
124,135
32,39
31,38
36,41
136,142
63,69
2,10
64,75
0,5
28,32
6,8
25,27
4,9
10,12
57,64
0,5
22,37
6,9
231,236
8,10
5,7
0,3
14,16
51,53
61,63
13,15
87,93
20,22
18,25
11,13
3,5
110,115
0,3
30,32
8,10
104,111
0,6
8,10
75,77
2,4
46,48
25,31
0,4
5,7
43,45
76,79
42,49
82,88
20,35
90,97
118,123
50,56
119,121
32,38
10,16
13,18
0,5
27,32
0,4
0,6
115,125
6,8
111,117
151,157
7,9
41,43
264,271
8,10
46,53
95,100
27,34
13,15
87,93
6,8
21,23
99,105
34,36
120,123
4,7
35,37
41,43
4,11
39,46
115,129
9,15
77,84
10,15
21,23
29,31
212,214
48,59
6,8
45,47
54,61
41,43
63,70
34,40
293,308
6,8
307,311
255,260
7,9
152,154
67,76
31,38
115,125
0,3
13,20
0,2
15,21
99,106
11,13
10,17
98,100
81,87
11,13
24,26
3,5
21,23
17,22
140,143
0,3
7,13
217,224
164,171
22,26
107,126
164,172
92,96
102,108
23,25
71,73
6,18
124,131
82,89
68,72
19,22
9,12
92,98
42,47
5,9
112,119
242,254
52,58
47,49
79,86
0,3
47,54
9,17
5,16
166,169
6,8
12,18
114,119
127,129
0,2
33,38
10,12
419,425
50,52
8,10
2,4
10,15
94,99
310,316
291,306
10,12
68,74
24,39
68,75
6,8
205,215
49,55
147,149
155,166
109,116
7,9
25,27
6,9
39,43
87,94
75,77
171,182
2,5
148,150
62,64
22,28
89,96
46,53
28,33
0,2
345,353
43,45
103,110
27,29
287,293
45,60
7,12
55,58
104,106
17,23
9,11
33,40
368,373
6,8
24,31
11,16
12,19
10,12
92,97
44,50
8,10
121,126
2,4
6,8
48,50
56,61
91,98
118,126
178,185
2,7
14,16
18,21
31,43
27,29
21,32
97,112
48,53
280,286
51,59
31,34
18,22
174,182
6,13
55,62
22,27
7,14
2,7
71,78
122,129
14,16
6,17
26,29
0,6
29,31
64,69
94,99
6,8
88,91
219,225
92,97
98,100
4,17
53,64
6,8
22,33
7,9
92,96
34,49
25,27
0,1
279,287
119,126
0,5
20,28
43,45
105,116
199,203
8,10
115,126
4,6
8,10
372,376
118,124
14,16
0,1
0,4
112,117
46,53
13,18
6,8
140,144
238,245
21,28
188,191
9,14
102,104
22,28
23,38
25,27
67,74
17,23
6,8
76,80
10,14
81,88
21,23
44,47
5,11
8,15
138,143
99,101
0,5
18,25
6,8
44,46
25,27
118,120
88,90
40,47
8,10
135,142
14,20
63,68
45,47
3,5
101,109
6,13
44,51
59,62
0,3
6,8
26,28
82,94
218,224
116,122
10,15
57,62
6,8
210,216
4,10
46,48
88,90
0,3
6,8
19,26
8,11
20,22
178,189
290,294
25,27
59,61
22,28
19,21
0,6
52,57
17,19
179,181
90,101
42,47
0,2
21,26
6,8
28,30
10,16
13,15
147,153
10,13
13,15
8,14
6,12
18,20
110,112
7,13
41,47
6,8
6,8
156,161
323,326
107,113
15,20
20,25
78,83
18,20
178,185
96,102
6,8
24,26
21,26
90,97
405,412
107,118
186,188
7,9
188,190
7,9
45,52
0,6
71,73
27,29
32,34
10,12
154,156
69,75
87,94
6,8
11,15
39,46
6,8
217,221
8,10
89,96
11,13
15,17
67,74
16,18
102,109
5,9
32,34
6,8
42,44
92,98
24,30
93,94
32,34
76,78
29,31
37,39
118,125
353,357
22,33
48,50
48,53
13,24
23,25
174,176
35,47
6,8
211,222
18,24
57,59
13,20
28,30
278,284
64,69
68,70
2,5
64,72
153,155
5,10
103,115
29,31
8,10
174,176
24,27
11,13
173,176
153,159
18,20
17,19
10,21
9,11
25,27
56,63
43,49
19,25
52,58
58,64
2,4
98,104
25,27
77,84
0,5
15,17
41,43
98,100
6,8
0,7
0,7
25,27
8,10
181,187
12,17
124,131
183,188
14,16
175,184
38,41
90,100
13,21
25,27
95,110
6,8
338,342
23,25
7,9
69,75
91,100
7,12
301,311
34,36
160,167
4,9
6,8
15,17
164,175
23,30
169,189
26,38
5,7
24,26
14,22
6,8
19,21
33,36
34,45
144,146
5,11
0,3
92,96
155,165
6,8
22,26
154,156
46,48
123,130
218,224
31,33
110,115
62,68
27,29
26,28
10,14
21,23
40,42
85,90
21,23
290,292
10,14
8,10
18,20
27,29
37,45
2,4
35,42
8,10
333,335
0,4
10,12
276,282
48,50
2,10
6,8
0,5
53,65
21,23
72,75
8,10
98,104
81,83
10,12
28,35
2,8
112,114
227,230
50,56
12,14
113,123
15,17
106,112
120,127
317,332
26,28
88,90
134,141
18,25
105,116
29,36
32,34
15,24
75,90
36,38
179,181
42,46
6,8
123,130
41,47
8,10
31,33
465,473
11,16
27,34
20,22
11,13
5,7
14,16
10,12
10,15
0,2
25,27
144,146
72,77
6,11
107,113
77,79
18,20
7,14
113,118
0,3
91,98
5,10
179,183
93,94
180,186
6,8
231,237
2,4
6,8
0,2
0,5
18,22
50,57
14,16
0,3
169,171
92,98
30,32
173,179
0,3
123,128
164,171
227,235
6,8
152,158
101,108
8,10
405,412
120,126
41,43
98,106
7,18
0,3
63,69
2,6
11,25
6,8
33,37
47,49
6,8
36,42
69,72
18,20
90,97
8,10
118,126
47,55
66,73
291,298
33,39
19,24
7,9
11,15
313,320
43,45
197,202
17,19
63,67
61,65
121,132
93,95
302,308
7,9
2,4
227,234
11,16
38,45
171,176
6,12
64,69
98,103
47,52
151,158
121,127
139,143
20,22
99,110
43,48
53,55
16,23
157,162
187,189
23,25
150,157
88,91
33,40
101,104
87,94
158,165
0,5
7,9
160,171
0,3
83,85
54,61
131,138
28,33
67,78
27,35
0,5
67,69
26,28
37,51
26,32
71,78
37,51
62,69
21,26
0,2
23,25
137,144
70,77
9,11
12,14
79,81
53,55
3,8
88,94
29,35
94,100
22,26
2,4
27,32
184,190
24,26
123,129
99,102
15,17
111,116
28,32
21,34
65,70
13,15
7,18
129,131
59,70
7,9
23,35
19,25
20,30
22,24
147,149
55,69
41,48
25,31
114,120
8,10
26,33
13,25
12,14
60,66
11,16
0,12
6,13
22,27
6,8
64,69
6,17
12,14
3,7
136,138
62,72
103,110
0,11
6,8
15,17
86,88
8,10
75,77
49,52
18,20
43,45
75,78
14,16
147,153
44,46
6,8
0,8
8,23
7,19
199,206
290,294
19,21
51,63
0,2
14,16
176,182
14,18
83,85
348,354
23,31
111,117
89,99
0,6
104,106
183,187
0,6
7,14
95,97
11,14
8,10
6,9
16,18
12,14
14,16
60,62
63,69
29,31
0,6
6,8
9,15
182,188
6,8
64,69
52,55
229,236
83,85
161,163
59,70
171,178
0,3
95,99
189,200
161,166
118,124
26,29
59,66
8,10
250,252
26,28
14,16
79,84
2,5
237,244
8,15
15,21
7,9
38,49
256,267
7,9
64,69
150,156
10,15
32,36
40,44
59,61
29,31
100,106
236,251
147,153
49,51
56,63
11,13
54,60
9,11
31,38
34,37
98,108
6,8
442,448
13,18
179,181
160,178
5,7
0,2
0,7
10,12
28,30
136,141
27,29
60,66
46,52
209,216
132,136
7,22
6,8
68,74
86,90
60,62
17,24
0,11
25,32
0,6
4,7
203,207
62,69
11,14
6,8
151,158
25,36
37,39
103,110
0,2
13,15
15,24
184,194
24,26
54,59
46,49
12,14
0,2
59,65
72,75
8,10
0,6
12,14
5,11
0,6
12,14
0,4
18,20
58,65
24,26
93,99
71,77
172,174
21,28
57,64
71,78
82,88
15,17
113,115
86,97
7,9
77,88
379,384
36,43
28,30
52,54
162,171
10,15
41,52
92,95
179,181
125,131
58,65
57,59
2,5
66,74
57,64
17,19
10,12
188,191
12,18
21,23
91,98
51,53
11,18
40,42
33,38
13,15
0,2
40,44
21,24
14,16
2,5
27,37
62,69
17,19
12,14
71,77
2,5
92,97
179,181
0,9
51,53
12,14
31,37
33,35
60,67
5,7
11,16
291,298
45,47
55,57
79,81
126,132
107,113
80,87
34,36
6,8
144,150
3,5
95,102
107,112
0,8
10,12
7,13
172,175
65,76
209,213
9,11
12,14
92,98
80,83
153,162
66,73
38,41
0,3
113,117
154,165
0,2
19,21
154,157
125,127
11,18
0,7
8,10
6,8
5,16
32,41
40,42
318,326
19,21
22,24
33,39
12,18
30,37
153,155
7,11
13,15
99,106
45,47
134,140
9,11
11,13
25,36
154,160
41,48
80,82
0,6
52,59
6,9
0,6
6,8
171,178
16,21
37,42
17,19
41,45
16,23
71,78
71,73
198,205
47,49
61,64
6,8
162,168
15,19
41,48
214,222
144,150
350,361
104,109
16,18
5,7
0,2
125,127
10,12
67,69
77,79
13,15
22,28
52,59
11,13
65,72
25,28
305,320
69,77
22,33
55,62
13,15
222,231
65,72
6,8
0,7
8,10
0,2
79,86
15,17
6,8
50,58
5,14
20,22
7,9
122,129
64,66
23,25
6,8
231,237
6,11
71,73
6,8
123,130
7,13
189,200
70,72
19,21
45,47
36,38
230,236
245,252
82,86
5,9
8,10
28,32
36,47
162,168
187,190
6,8
41,43
171,178
135,137
22,26
4,10
30,37
5,7
0,6
26,28
19,21
55,59
173,180
6,8
22,24
42,49
11,13
153,157
6,13
63,70
88,91
18,20
34,36
7,13
10,12
176,182
27,29
36,38
172,174
11,13
55,57
0,6
126,132
7,14
17,19
115,117
8,10
24,26
198,204
175,182
52,58
25,30
5,7
0,6
9,13
8,17
92,98
40,46
27,32
38,45
8,10
76,83
188,191
18,24
16,21
58,60
362,364
67,74
0,4
131,136
35,37
32,38
0,6
17,19
8,14
153,157
44,51
8,15
14,16
17,19
67,69
456,463
125,131
139,150
14,16
6,8
171,178
0,11
12,14
419,425
11,13
176,182
113,115
44,49
0,3
28,35
42,44
8,10
53,64
18,20
17,22
25,31
48,52
16,28
99,102
108,115
22,24
10,12
12,17
66,69
48,55
159,170
21,23
48,55
302,308
148,154
50,52
147,154
14,17
111,113
66,70
6,8
39,42
21,23
10,12
249,256
89,100
0,8
80,86
188,199
5,7
71,77
146,152
8,10
27,29
45,51
6,8
120,123
4,19
7,9
37,39
6,13
7,9
394,409
93,99
25,32
2,4
93,98
74,79
67,74
0,2
84,92
21,23
2,4
6,8
13,24
204,213
129,136
97,105
15,21
13,20
76,85
0,4
33,35
11,14
121,127
45,47
141,149
0,2
8,10
19,21
10,14
199,202
21,23
0,2
7,12
95,100
2,7
6,8
122,129
7,13
27,32
65,67
30,32
6,8
41,43
32,34
86,88
42,44
144,150
102,110
31,36
199,204
91,102
2,4
114,118
8,10
15,21
84,90
18,23
113,115
98,104
323,329
26,33
33,37
30,35
0,6
7,14
6,8
12,14
228,230
26,31
31,34
160,171
100,111
32,34
18,20
53,60
7,14
5,6
67,73
162,168
17,23
68,75
0,6
227,234
6,8
0,6
307,311
134,136
107,112
309,317
6,8
95,101
51,62
8,10
154,156
38,40
33,35
141,149
67,69
14,16
59,61
5,8
8,10
310,316
456,463
12,14
0,2
133,143
18,20
227,230
20,25
250,255
51,53
318,326
27,29
73,77
8,17
82,84
317,322
79,83
12,14
0,2
10,13
6,8
14,16
138,142
12,14
273,280
189,193
79,84
27,29
63,71
83,89
8,10
0,2
7,9
35,37
0,6
18,20
13,19
276,278
8,10
90,94
67,69
9,11
19,21
10,16
151,163
170,172
39,44
21,23
44,46
176,178
31,40
179,181
2,5
58,65
126,131
47,58
59,67
81,83
5,7
10,12
2,4
49,52
75,77
50,56
21,23
44,46
65,69
69,75
10,12
8,10
38,40
9,11
56,61
17,19
12,14
60,66
84,91
8,10
5,9
9,11
98,103
87,94
33,38
7,11
131,136
50,55
45,50
26,28
4,8
53,62
64,70
47,57
6,17
13,19
0,6
29,34
52,54
117,123
8,10
100,106
17,23
19,21
22,24
0,2
8,10
454,461
23,25
8,10
80,82
200,204
34,41
37,39
95,102
128,134
8,10
173,179
17,19
96,103
74,76
7,9
17,19
27,37
33,38
152,154
31,33
13,18
178,189
30,35
43,52
8,17
132,138
107,109
11,16
4,10
8,10
212,214
78,84
17,23
6,8
108,114
48,55
87,89
36,43
28,30
13,19
9,12
275,286
155,162
28,35
34,40
13,15
318,326
27,33
50,56
201,209
23,30
249,256
144,150
18,20
80,86
127,133
17,22
8,11
15,20
0,3
29,35
317,324
51,57
87,93
0,4
36,38
176,182
0,3
67,69
41,43
24,31
10,12
21,23
95,100
21,23
229,231
19,25
21,23
43,45
98,104
7,10
118,123
0,11
13,18
64,69
48,55
34,41
134,136
9,16
31,44
107,111
7,12
0,3
323,326
10,16
63,70
32,34
2,4
10,12
47,49
116,120
7,9
117,124
23,25
5,14
2,4
77,88
5,7
35,37
133,139
64,70
117,123
36,38
7,12
20,26
32,34
6,8
48,55
0,6
94,102
31,37
168,175
163,168
34,36
40,42
142,144
49,51
0,5
38,45
14,18
262,268
120,132
107,111
8,14
50,52
67,74
24,29
30,38
11,18
29,31
41,48
35,41
0,5
14,16
120,123
56,61
31,36
107,114
11,13
251,258
202,204
218,224
111,127
67,74
28,30
7,9
6,8
85,91
24,26
38,40
242,248
5,7
8,15
17,23
167,175
5,7
104,106
6,8
45,52
96,98
14,16
12,18
70,72
15,27
8,16
330,337
11,17
82,94
34,36
304,311
54,60
0,6
45,52
3,7
99,103
8,10
31,37
46,48
100,105
100,106
141,143
6,8
105,116
12,14
10,12
24,26
90,94
26,32
9,15
8,23
84,86
30,37
11,13
36,43
372,376
82,88
27,29
13,15
21,28
84,87
0,6
27,29
98,106
113,115
172,179
66,75
20,25
100,102
26,28
36,39
0,2
14,16
24,26
0,6
122,128
201,208
10,14
124,128
31,38
14,16
133,140
92,98
29,37
162,169
87,93
7,9
14,16
45,47
76,81
40,52
106,108
75,82
187,201
0,3
27,31
37,46
6,8
46,48
6,8
18,20
457,464
23,28
12,18
11,26
239,246
0,5
53,59
33,35
37,39
33,38
88,95
76,86
239,254
12,14
12,14
98,104
82,84
34,36
98,100
41,48
9,15
270,277
6,8
20,22
0,6
85,92
75,77
196,202
18,24
66,73
46,49
42,49
16,18
0,5
7,9
66,68
48,50
29,35
21,23
0,6
25,27
38,40
0,6
50,62
45,47
185,190
35,40
2,4
53,55
6,8
28,30
9,14
6,8
229,231
58,61
51,53
11,13
45,48
53,59
45,52
0,14
62,69
38,40
0,11
110,114
55,65
133,138
2,7
142,148
23,29
56,61
15,17
33,39
68,70
79,81
60,65
54,59
152,159
0,2
44,60
88,94
30,41
18,25
122,129
35,39
12,14
43,51
15,28
7,9
87,94
58,61
59,61
154,156
11,13
25,31
151,158
11,13
7,9
11,18
91,98
8,10
45,47
7,18
7,9
31,38
20,35
53,65
79,84
180,186
48,55
0,5
17,32
6,8
56,63
130,138
44,46
24,26
20,31
71,73
13,15
14,18
25,29
118,123
30,34
90,92
5,16
6,12
8,10
14,16
6,9
119,127
348,354
14,21
32,39
21,23
49,54
6,13
103,109
2,8
87,92
31,36
338,343
5,12
130,135
13,17
9,11
25,31
119,126
14,16
154,156
0,7
25,30
108,114
96,99
28,35
221,223
50,52
8,10
234,241
97,104
6,8
113,123
148,151
136,143
29,31
159,173
125,131
74,81
0,9
60,65
152,159
192,200
0,3
92,99
2,6
95,101
31,38
45,47
5,7
16,18
4,10
24,30
52,64
134,138
7,9
6,8
96,98
141,148
80,86
3,5
14,16
39,46
35,37
56,58
77,84
115,121
1,3
14,16
303,314
14,16
43,45
51,57
109,118
6,8
52,54
8,10
11,14
71,77
0,7
41,43
81,83
7,9
107,112
137,148
6,8
98,100
20,27
96,108
7,14
0,7
303,309
114,120
6,13
23,25
125,137
151,161
3,5
23,29
39,42
0,8
7,13
14,16
18,23
11,13
49,56
28,35
96,101
48,53
10,12
75,83
0,6
7,14
87,89
80,86
64,69
64,69
0,6
5,7
54,60
200,208
51,58
95,101
37,42
8,10
131,133
0,11
7,11
10,12
76,78
7,9
7,9
177,181
68,70
44,46
0,11
0,5
0,8
54,59
6,8
166,172
47,54
15,17
62,64
8,10
96,98
2,4
2,6
51,56
114,120
17,32
6,13
71,73
131,137
13,15
20,22
183,189
35,37
62,69
131,137
43,45
95,100
178,185
6,8
89,96
346,361
12,14
64,66
10,12
48,55
95,97
23,28
84,89
198,205
22,24
27,30
120,123
139,145
24,31
183,187
173,176
35,42
92,97
77,79
5,7
37,45
3,18
31,33
45,47
5,11
6,8
108,114
86,97
5,7
133,141
8,23
71,76
47,49
378,389
67,69
124,131
46,48
66,74
6,8
85,87
10,12
102,107
96,103
32,39
217,224
52,58
52,59
99,106
5,15
5,10
35,38
12,15
27,29
111,117
14,21
30,32
43,51
10,18
6,11
24,26
0,15
166,168
173,176
50,61
17,23
25,27
147,157
23,25
31,38
280,286
154,161
2,4
0,6
6,8
27,29
41,47
5,7
0,2
103,115
9,16
90,94
25,27
28,30
77,82
0,2
13,15
26,29
129,135
34,36
12,14
90,97
5,7
35,42
51,58
19,34
135,142
199,204
57,68
63,74
44,51
7,9
5,7
0,11
136,143
15,24
71,77
25,32
3,5
198,208
133,135
45,47
13,15
6,8
107,114
4,19
219,230
95,102
38,43
24,26
7,9
66,76
71,74
16,18
296,303
34,36
276,278
0,6
6,8
37,39
0,2
55,58
98,104
169,173
5,7
118,123
3,5
23,30
152,154
20,28
17,24
59,65
0,6
18,20
8,17
272,274
113,119
250,252
158,165
16,21
202,204
71,73
3,8
7,14
180,186
27,34
73,79
331,337
59,70
5,11
15,19
4,6
201,208
97,99
6,8
58,60
37,54
7,11
33,35
16,21
12,14
126,131
23,25
35,42
54,59
32,38
9,12
89,96
134,136
41,43
47,54
0,3
146,148
29,35
318,326
8,10
143,149
7,9
6,8
63,67
72,78
11,16
42,44
321,331
6,13
0,7
14,22
51,59
168,170
43,50
20,29
31,38
72,74
103,105
30,37
52,57
35,37
171,178
32,34
154,161
20,25
127,132
7,9
3,5
0,7
9,16
143,145
114,119
6,8
44,51
60,66
14,26
31,37
67,73
136,143
17,19
2,6
61,68
64,69
13,15
15,17
38,53
76,78
3,5
8,10
11,21
27,34
13,15
25,29
8,10
82,94
23,27
11,16
8,17
144,150
8,10
36,38
114,125
8,10
8,15
275,281
70,77
118,126
0,6
16,23
199,206
91,102
41,43
6,13
7,9
65,67
174,176
105,109
8,10
7,14
34,36
25,27
79,87
2,4
35,37
107,112
4,10
6,8
178,189
48,53
21,25
189,191
393,408
12,14
48,54
33,43
52,58
50,52
69,77
29,36
29,35
252,258
44,49
200,203
0,5
16,18
0,2
5,8
17,24
66,68
67,74
22,28
7,12
187,190
133,136
124,131
0,6
163,169
18,20
12,18
135,142
12,18
30,33
55,57
405,412
73,80
17,22
6,13
10,13
17,19
20,22
167,179
44,49
17,25
24,26
35,42
8,14
37,39
75,81
45,47
6,8
12,14
31,34
298,313
78,80
6,8
29,33
8,10
39,43
16,18
117,121
75,86
18,30
136,143
60,66
124,135
50,57
118,120
79,85
14,16
63,65
5,10
54,61
24,26
89,95
18,20
31,34
7,12
70,75
70,75
394,401
103,110
77,88
95,101
13,15
204,206
13,15
17,24
99,102
15,17
7,9
25,27
220,226
84,89
28,30
30,37
16,28
120,122
38,48
0,11
19,26
8,10
12,15
55,57
51,57
14,19
137,141
0,11
4,8
120,127
12,15
117,124
38,40
71,77
11,26
186,188
283,294
12,19
232,239
172,174
10,15
14,16
78,85
44,46
93,105
28,30
133,140
32,34
91,95
6,8
125,137
12,14
16,18
0,6
52,57
124,129
131,133
432,436
8,10
38,40
5,9
8,10
13,19
29,37
55,61
178,185
140,142
57,68
54,56
107,112
160,166
189,195
0,2
11,13
115,129
163,167
82,93
89,96
10,13
16,18
93,95
47,55
77,82
50,52
173,180
