0,5
8,10
82,88
0,5
38,41
8,10
37,44
11,18
9,16
7,9
4,6
8,10
6,8
100,102
53,58
133,136
20,27
14,19
76,81
272,274
36,38
30,37
4,8
2,5
29,36
45,56
28,30
92,96
114,116
49,56
69,76
7,9
10,12
17,22
61,63
23,25
52,57
26,34
95,102
108,114
51,57
4,19
21,25
196,199
86,88
81,86
38,49
8,10
23,28
209,213
32,39
47,53
24,26
57,59
13,24
6,8
179,186
77,82
154,161
14,16
33,40
8,23
89,93
38,45
5,6
57,63
23,25
4,10
8,10
110,112
16,18
7,19
14,18
31,36
38,40
27,32
8,10
73,79
23,29
68,74
60,71
59,61
6,8
95,102
6,12
6,8
127,134
5,11
5,7
33,40
21,24
6,8
15,23
120,122
141,151
0,5
6,8
68,76
6,8
66,72
64,69
336,340
152,157
309,317
8,10
11,13
2,5
15,20
33,37
52,59
0,3
95,101
176,182
6,8
28,30
19,24
12,14
67,73
50,62
13,19
17,19
37,39
50,56
34,39
24,26
17,19
15,17
19,22
74,76
46,52
25,27
206,209
6,8
7,9
259,270
278,285
23,27
28,33
8,10
7,10
156,160
25,27
251,259
79,81
29,31
101,108
27,29
7,9
151,157
39,43
11,13
17,19
9,14
31,37
0,7
87,93
34,36
0,2
69,75
87,94
136,143
5,7
9,11
316,324
122,129
40,47
270,277
32,34
18,20
0,5
13,15
148,154
103,109
3,5
15,26
66,73
71,78
6,13
94,100
2,9
133,140
5,10
81,83
185,190
38,43
36,41
153,160
147,149
51,62
74,76
0,3
114,121
6,8
7,9
40,45
7,9
25,30
13,27
49,55
38,43
99,106
76,80
9,11
97,105
25,27
9,15
18,21
189,195
49,55
148,155
65,71
98,103
46,52
8,10
67,78
10,14
59,61
7,14
61,68
192,200
10,12
161,163
14,16
2,9
7,12
5,16
59,61
199,206
14,22
0,5
97,104
6,8
91,95
13,20
48,50
11,13
0,8
38,44
27,29
36,38
33,38
124,126
44,49
87,89
71,73
55,62
172,178
24,26
7,9
50,55
121,128
16,18
60,66
156,162
29,31
0,2
40,42
26,28
37,54
11,14
310,315
19,26
43,47
23,25
15,21
0,4
131,137
23,25
97,105
162,173
7,9
310,317
8,10
172,179
81,83
61,65
61,63
7,18
2,7
5,12
6,8
0,3
14,20
36,38
192,198
18,23
31,38
11,13
22,25
158,164
23,25
16,18
44,50
14,16
75,82
10,17
56,64
88,106
148,153
0,8
116,129
6,8
5,7
133,139
37,39
20,26
15,20
148,154
38,54
0,6
9,12
179,186
0,8
15,17
34,39
46,52
51,53
19,21
47,51
193,195
64,75
17,24
7,16
256,263
50,52
140,142
25,30
77,84
6,8
19,21
11,16
59,61
48,55
29,31
98,104
0,6
28,39
12,19
13,19
71,73
24,26
12,19
12,24
154,156
80,91
10,12
100,106
2,4
11,13
5,10
72,74
152,158
6,9
17,19
11,18
8,13
7,9
7,12
76,81
80,82
10,17
129,135
0,3
82,86
4,9
15,20
110,116
8,11
2,6
7,10
0,6
0,6
127,138
68,74
21,23
133,141
19,29
214,216
14,25
10,17
5,7
6,8
41,52
17,19
8,10
198,208
67,72
65,68
43,51
0,7
170,172
23,25
13,15
94,101
73,79
27,32
35,40
0,6
44,46
94,101
273,280
16,18
55,59
6,8
35,37
20,26
6,8
250,257
23,25
58,65
13,15
25,27
34,41
8,10
220,227
55,57
23,25
296,303
33,42
15,19
0,11
122,127
9,11
130,136
25,27
46,48
82,86
142,148
89,96
7,9
107,109
210,219
93,95
172,175
36,38
40,44
19,24
12,14
8,10
109,112
355,365
78,81
290,292
64,70
333,335
118,125
77,87
58,60
8,17
14,16
68,75
100,107
8,10
46,50
49,54
27,29
14,24
66,68
243,245
11,17
66,68
51,63
28,35
19,21
7,12
26,28
11,13
118,120
8,10
4,6
241,250
36,38
19,25
47,54
16,20
52,58
11,18
47,54
58,60
5,7
0,2
1,3
25,36
0,7
11,13
122,129
77,79
24,28
11,13
2,8
3,5
104,111
18,20
8,12
11,13
26,28
17,26
0,2
11,26
67,74
51,53
138,143
227,230
204,213
7,9
21,28
35,42
84,89
22,24
94,101
2,5
0,7
80,87
16,18
48,55
36,38
6,12
184,190
8,10
110,116
61,63
53,57
316,323
133,135
280,286
23,25
11,16
28,30
6,8
26,33
165,169
50,61
101,103
93,100
7,12
46,48
31,33
126,131
20,22
74,81
64,66
212,214
61,65
44,60
21,26
25,37
23,30
20,22
12,14
41,45
12,16
81,86
71,80
16,18
95,101
110,112
10,12
14,16
288,290
10,16
264,275
134,136
6,8
42,44
65,69
59,64
44,46
301,305
46,48
6,8
126,133
245,251
100,105
0,8
68,74
100,105
2,4
8,10
52,58
70,72
52,54
177,184
6,8
7,14
5,7
6,12
192,199
14,16
2,5
27,29
52,59
13,15
100,106
0,7
15,20
23,25
290,294
142,147
44,46
91,98
0,12
11,16
25,29
65,72
207,222
7,9
70,72
0,7
0,7
35,42
227,235
39,41
38,46
6,9
34,36
46,49
22,29
23,25
21,23
31,38
12,14
32,37
16,18
30,37
10,15
174,185
68,79
13,15
53,57
0,9
29,31
11,15
43,45
10,15
8,10
52,60
90,98
119,123
45,47
59,61
4,10
34,36
70,81
62,64
168,175
7,10
21,26
32,34
18,20
173,176
6,8
38,40
6,8
18,26
7,14
186,191
16,18
176,178
67,74
95,102
58,64
43,45
125,132
12,19
124,135
228,230
46,51
24,30
6,8
2,6
52,59
8,15
27,29
99,103
70,76
139,141
45,47
41,46
143,145
15,17
26,32
51,58
118,124
10,18
15,21
66,68
5,7
115,123
3,9
17,26
136,143
6,8
39,46
60,66
141,146
0,13
16,18
121,126
32,38
65,67
49,51
86,90
93,100
9,11
7,11
7,16
20,22
6,8
86,93
16,23
33,35
7,12
27,32
8,10
222,237
59,66
14,16
111,117
34,36
99,109
7,12
31,36
23,27
14,16
25,27
19,21
55,58
10,12
160,167
12,18
138,143
73,77
122,130
4,6
20,22
122,128
95,102
15,17
40,47
209,215
36,38
194,197
71,76
0,3
21,26
7,9
32,38
77,84
0,5
8,10
25,30
6,13
80,83
14,19
44,60
44,46
303,311
26,28
79,84
13,15
110,114
64,69
17,19
20,35
103,114
16,21
32,38
32,39
70,73
54,56
9,11
6,8
230,247
29,36
96,106
57,64
109,114
68,74
69,77
22,26
5,7
28,34
0,3
37,39
0,6
20,22
76,83
81,88
10,12
189,200
7,9
180,184
127,129
64,71
14,16
106,108
27,32
0,6
0,2
18,24
25,37
10,15
136,142
187,189
21,23
8,10
0,6
8,15
63,65
62,64
0,3
6,8
10,12
28,30
65,72
44,50
2,14
38,45
94,104
13,20
12,14
158,162
79,85
2,4
8,10
25,27
6,11
50,55
18,20
84,86
21,23
8,10
221,228
340,347
115,122
31,33
67,71
28,39
61,63
7,13
13,25
96,103
13,16
26,31
5,7
11,13
279,287
12,14
162,168
16,18
54,59
28,30
8,10
8,10
55,59
33,35
201,206
0,7
0,9
6,8
11,13
54,56
10,12
118,124
87,93
8,10
6,8
16,18
15,21
15,17
9,11
17,22
37,49
0,6
94,100
51,59
2,4
6,12
10,17
32,38
111,113
42,46
53,60
76,78
295,297
16,22
69,76
19,21
27,29
147,153
7,9
6,8
73,75
67,69
31,38
11,16
83,85
6,8
39,41
8,10
98,102
47,49
25,27
146,158
44,50
25,27
108,115
9,14
74,81
13,19
24,39
317,324
8,19
121,128
38,49
95,102
7,9
13,28
144,148
66,72
131,146
14,29
17,19
28,34
8,10
0,3
25,29
42,44
15,20
132,138
89,96
168,175
20,22
83,87
0,6
17,19
53,58
30,36
7,12
89,95
5,7
6,8
26,32
62,74
8,10
18,20
88,90
34,37
13,15
91,95
65,71
29,37
198,200
116,124
54,56
267,274
8,10
0,6
78,84
5,10
14,18
28,31
7,14
53,56
100,106
8,10
69,78
19,21
74,88
0,14
11,15
75,77
37,39
19,21
118,121
8,14
40,51
127,137
8,14
124,131
2,5
70,79
162,167
4,9
136,139
139,147
26,37
12,23
7,9
178,183
76,83
6,8
140,145
95,103
210,214
10,14
217,224
23,25
76,81
16,22
72,77
40,47
116,130
0,3
98,116
8,14
4,6
51,53
0,5
252,254
22,24
39,45
11,13
184,190
56,58
307,309
44,61
2,5
59,65
12,18
21,26
36,38
8,10
8,15
19,29
8,10
185,191
6,8
21,23
6,8
7,10
419,426
5,10
2,8
19,21
2,8
35,39
0,12
377,391
11,15
83,89
44,46
171,176
68,72
43,49
0,3
8,10
11,26
0,6
25,34
193,200
181,188
4,6
7,19
38,43
7,9
41,49
14,16
46,48
28,30
0,6
134,140
68,74
13,15
44,49
272,274
87,91
11,13
277,283
5,9
4,10
112,118
0,8
65,67
25,31
202,204
43,49
32,34
34,36
198,205
7,15
13,15
21,23
41,46
9,14
114,120
10,12
29,36
6,8
131,137
7,19
42,49
189,204
21,29
40,44
17,19
241,248
0,6
0,2
38,44
5,7
12,19
77,79
23,25
207,214
7,9
2,6
15,17
23,28
67,69
6,12
0,3
339,346
2,7
0,3
51,53
8,13
14,20
38,41
13,17
96,98
26,28
13,15
227,232
21,27
142,149
25,27
10,12
0,7
16,18
169,173
12,14
91,102
0,11
168,173
0,6
34,41
7,9
3,5
11,13
146,153
8,10
71,76
54,61
45,52
89,107
30,36
87,98
46,55
10,16
8,10
64,72
36,43
41,43
45,52
52,54
29,31
3,7
7,9
0,6
53,59
79,87
7,9
29,35
66,72
50,56
32,39
12,14
87,94
27,32
315,322
7,10
319,325
6,8
96,98
69,78
33,35
19,21
147,150
2,14
111,123
66,73
37,39
2,4
46,52
18,20
269,279
0,6
158,165
6,13
38,40
22,24
106,112
235,242
0,11
8,12
7,9
5,10
77,84
256,258
71,84
6,8
21,26
29,32
214,222
30,36
107,113
25,27
35,40
6,8
0,5
85,92
0,7
0,2
18,20
160,167
28,33
25,27
6,8
113,115
14,16
8,11
14,16
47,54
8,10
6,12
10,15
19,26
12,14
21,23
31,36
39,48
7,9
6,8
6,8
172,178
269,274
152,154
6,8
66,76
108,115
40,46
20,27
20,22
6,8
7,9
17,24
92,97
86,88
91,93
6,12
41,49
22,24
159,165
15,17
23,27
135,142
44,50
87,93
11,13
46,51
51,59
50,57
18,20
82,89
4,9
0,6
211,217
4,10
0,3
5,8
44,49
62,69
20,27
79,85
49,57
100,105
54,59
6,8
162,166
10,12
45,51
8,15
34,36
50,55
144,155
179,187
2,4
190,192
424,435
41,43
7,9
191,197
4,9
84,90
2,4
20,25
45,47
80,90
26,33
166,172
8,10
13,18
93,100
75,79
24,31
187,194
6,8
8,10
2,7
3,5
117,124
161,168
10,12
258,265
12,19
6,8
7,13
47,55
31,38
55,61
121,126
23,28
114,120
11,16
6,8
146,158
15,18
139,146
20,28
20,31
8,14
8,10
0,7
2,7
10,12
32,34
156,163
17,19
234,236
57,61
188,203
8,10
13,20
10,12
85,93
5,7
33,35
34,40
10,12
8,15
11,17
82,84
16,18
44,48
8,10
6,8
50,52
103,115
27,33
34,39
67,75
17,19
22,29
123,130
15,21
22,27
60,66
15,17
162,164
30,32
215,221
14,16
5,17
8,10
132,136
13,15
6,8
91,98
401,407
51,55
157,168
7,9
226,231
89,95
264,266
94,101
77,81
41,47
41,47
6,8
71,73
12,14
70,77
0,5
0,10
24,29
81,83
15,23
283,285
100,107
33,35
6,8
89,99
0,8
189,200
33,38
8,10
157,161
21,23
41,43
65,73
151,166
2,4
75,79
28,30
196,202
23,28
8,14
19,21
12,14
9,11
118,125
116,124
19,25
14,16
57,59
6,8
49,55
19,21
28,34
57,64
50,56
9,14
32,34
36,38
32,34
16,18
105,111
55,60
23,32
0,3
64,69
171,182
96,101
28,35
243,249
52,57
51,53
184,186
13,19
6,8
8,10
23,31
2,4
55,63
58,60
14,16
182,189
47,51
25,30
14,18
67,69
0,4
37,39
210,216
93,99
41,43
6,8
30,37
33,35
5,7
13,16
2,4
130,137
131,137
7,12
18,23
2,5
6,8
8,10
307,309
285,291
23,30
7,9
172,174
15,26
106,113
7,13
0,6
13,15
36,40
99,101
93,100
5,7
0,11
38,44
117,129
45,47
0,5
25,27
95,101
18,25
171,178
6,8
8,10
122,126
96,100
169,176
62,68
68,70
100,102
6,8
116,127
0,6
91,98
0,7
9,16
15,18
31,36
8,10
0,2
21,32
8,12
6,12
222,224
131,141
76,78
56,64
19,22
8,10
175,184
6,8
47,51
65,70
55,60
78,83
54,68
139,154
15,17
248,263
26,28
24,26
207,215
36,42
27,33
41,43
0,5
21,25
70,77
79,86
15,22
190,197
95,97
8,10
6,8
58,70
0,3
11,17
2,4
26,38
20,25
4,10
75,82
128,135
20,22
81,83
6,8
23,25
186,187
20,30
8,10
29,31
12,14
137,148
88,96
60,67
57,59
59,70
177,183
14,22
131,137
221,225
330,337
91,95
164,172
78,85
68,83
8,10
0,2
76,82
0,11
87,93
0,6
10,13
13,20
29,34
78,89
33,38
95,102
162,164
2,7
23,26
6,8
0,3
12,15
19,24
60,67
7,9
12,14
6,8
109,111
2,9
211,219
74,76
78,83
51,55
136,142
30,32
5,10
44,50
42,44
0,6
0,6
29,34
120,130
3,5
28,39
199,206
92,99
0,5
172,179
49,62
6,8
9,17
4,9
59,66
0,3
52,54
6,8
146,152
153,159
7,9
44,46
32,37
33,37
33,38
5,9
6,8
35,42
302,308
13,18
28,33
98,100
33,39
2,5
76,78
176,178
60,68
5,7
62,64
19,31
317,324
129,135
36,38
0,4
5,7
19,25
25,28
81,88
108,111
2,7
6,8
80,86
0,8
6,8
40,46
48,54
41,43
64,71
25,33
13,18
136,143
118,125
115,117
15,17
2,4
2,8
98,104
5,7
10,12
9,11
7,9
155,161
78,81
56,58
37,49
15,29
0,3
196,201
24,29
36,38
7,9
25,31
8,10
51,57
88,93
19,21
9,13
76,86
179,183
47,49
18,21
147,152
145,152
12,18
145,151
31,38
180,187
62,69
125,131
27,34
17,23
7,12
105,109
63,68
33,37
393,408
6,8
16,23
62,68
38,40
112,126
188,190
89,91
5,19
2,7
144,146
285,297
53,60
53,55
56,63
6,8
121,131
8,10
35,37
7,9
7,10
69,71
135,146
22,24
41,46
28,30
51,55
33,35
41,44
22,24
8,10
196,198
39,46
13,15
88,90
2,8
60,62
262,265
72,77
39,43
78,88
45,47
28,32
34,41
52,54
210,218
148,154
211,217
6,8
129,136
28,30
12,14
19,21
7,9
7,9
9,14
6,8
2,6
128,130
47,53
22,34
126,135
12,14
0,3
10,12
377,392
6,8
0,6
0,3
41,49
99,110
162,166
51,59
12,19
411,417
10,12
24,32
29,31
7,10
7,11
16,18
246,252
138,149
6,8
0,2
27,35
135,142
192,198
31,36
2,8
15,17
66,71
18,20
16,23
6,8
6,8
10,12
0,5
48,55
34,42
21,23
0,6
88,97
6,8
79,87
8,10
109,112
6,8
260,266
261,267
65,67
0,3
25,27
66,68
47,49
99,105
2,9
54,60
5,8
28,30
34,41
14,21
76,83
94,100
72,79
2,8
126,128
12,17
23,33
79,81
23,25
8,10
6,12
9,11
249,256
8,10
20,22
17,20
383,390
148,150
24,26
23,27
95,100
11,17
41,48
184,189
144,150
119,130
10,12
0,11
112,114
45,52
44,46
0,3
8,10
75,82
0,3
10,12
200,203
20,22
6,8
8,10
30,32
144,151
24,31
5,7
0,11
100,102
6,8
198,204
37,41
287,293
31,33
114,119
76,82
34,36
98,100
46,50
133,140
35,42
52,54
12,17
100,111
196,202
78,80
10,17
9,11
20,23
52,55
197,202
73,78
0,3
10,12
22,29
7,9
28,40
6,8
12,14
15,17
65,72
101,103
27,29
164,171
63,67
21,23
8,10
5,7
43,47
109,115
4,10
8,10
31,35
10,12
11,13
19,26
7,9
10,12
12,14
24,26
152,157
77,79
55,63
8,10
36,41
8,10
0,6
245,247
331,336
48,55
105,110
4,7
2,5
92,97
20,22
48,50
215,221
130,137
2,7
104,111
50,57
0,10
6,8
239,242
5,13
52,56
134,136
114,125
218,225
6,8
23,25
8,10
6,17
40,47
38,40
71,73
11,13
246,253
42,49
20,29
108,110
6,13
96,102
6,18
5,7
13,24
156,162
18,25
3,8
28,30
43,48
8,10
119,125
20,22
19,24
338,343
87,98
27,34
11,17
32,39
10,12
26,34
133,138
17,19
61,63
107,111
30,36
11,13
323,326
55,66
81,87
7,10
43,51
20,22
156,163
13,18
48,50
14,16
27,35
18,25
39,44
33,40
20,22
30,35
10,17
222,231
64,75
35,50
51,66
102,109
248,254
28,34
8,10
24,29
118,126
80,85
9,11
36,38
264,275
49,61
6,8
65,71
12,14
11,16
0,7
41,52
194,200
31,33
23,31
28,33
15,21
159,164
198,203
98,107
153,159
133,135
0,11
13,15
21,23
24,30
7,9
276,281
116,124
90,97
26,36
0,3
95,97
8,10
136,141
16,18
8,10
14,24
11,17
157,164
34,36
14,16
8,10
6,8
33,35
27,33
15,17
0,6
38,46
45,52
62,68
110,112
6,8
188,193
81,88
9,11
18,20
0,8
34,36
113,118
169,171
20,22
33,40
89,95
6,8
26,30
241,246
9,11
37,39
6,7
12,18
64,72
0,3
8,10
6,8
29,33
8,10
87,98
82,84
2,9
2,8
49,56
18,25
82,90
71,77
6,8
28,35
6,11
21,26
2,6
43,49
68,76
11,17
0,2
205,207
50,53
43,50
6,8
10,12
27,34
14,21
130,135
8,13
0,3
73,75
180,191
174,185
2,7
6,8
16,30
6,8
50,52
105,108
18,23
56,58
47,54
23,29
106,108
89,99
86,92
156,163
27,29
10,15
79,86
106,108
10,12
14,16
145,156
11,13
89,96
19,24
7,10
54,59
1,7
26,28
145,154
120,126
52,54
41,46
30,32
0,7
37,39
53,58
26,28
125,134
91,98
3,5
34,49
6,8
0,7
2,8
6,8
25,27
6,8
201,212
60,66
7,9
151,157
67,72
0,2
10,12
25,28
153,160
26,31
93,100
54,56
71,73
62,68
12,15
26,30
0,6
0,7
12,14
150,154
68,70
7,9
46,53
129,144
43,49
9,12
36,38
32,38
11,26
40,47
0,2
238,243
10,12
24,26
41,48
141,149
5,7
20,25
20,22
10,17
29,31
30,37
30,32
155,158
4,9
0,6
80,87
21,30
180,187
144,150
7,9
122,124
22,27
154,165
20,22
7,9
17,22
10,12
24,26
7,12
27,37
0,8
93,100
339,346
6,8
6,8
7,9
2,4
7,9
301,311
242,257
13,17
103,110
121,126
6,21
5,7
8,10
120,126
26,31
22,29
63,69
29,31
293,300
21,23
15,20
151,154
0,5
101,106
17,23
13,15
116,121
0,3
108,114
27,33
112,121
34,37
68,77
37,42
0,3
5,7
41,47
5,7
12,14
154,159
10,18
14,16
99,105
66,72
0,6
227,234
84,91
159,161
7,16
52,54
40,45
75,81
188,199
258,265
7,19
117,124
10,13
64,66
299,310
7,12
112,119
8,10
21,23
76,82
4,10
71,73
25,27
6,8
70,77
23,29
10,12
127,132
7,10
8,10
0,12
33,35
7,12
56,63
77,79
52,55
20,28
18,20
186,192
155,162
24,30
6,8
101,105
7,13
148,150
68,76
231,237
11,13
18,22
0,11
15,19
117,132
29,32
23,30
93,100
277,283
8,10
14,16
192,194
2,5
95,101
5,7
18,20
0,5
17,23
51,59
6,8
158,165
116,118
139,148
8,10
160,174
19,25
7,9
34,46
2,7
81,83
10,16
20,22
21,23
0,3
6,12
147,149
14,21
345,353
99,101
54,61
12,14
0,2
113,119
178,189
88,90
129,135
2,7
20,25
40,44
6,8
51,53
77,87
8,10
0,6
19,31
57,62
37,42
6,8
171,176
14,16
65,72
7,13
5,7
63,84
54,56
10,12
50,57
57,64
0,6
90,94
12,14
190,199
8,14
69,74
12,16
22,28
42,44
6,8
6,8
43,45
15,20
73,80
7,9
66,73
30,32
17,23
8,10
38,40
8,10
8,10
52,55
31,43
36,41
0,12
39,49
8,10
41,47
7,9
53,57
97,102
8,10
2,9
82,94
18,20
40,42
145,147
76,80
9,11
35,42
40,48
0,11
0,6
149,159
63,70
145,152
29,34
6,8
0,11
14,16
0,7
100,106
55,57
8,10
8,13
17,19
7,9
29,31
279,286
6,8
60,65
6,8
10,12
7,10
230,234
6,8
183,187
74,76
76,83
40,46
96,103
42,44
11,13
212,214
65,67
228,236
88,90
11,13
6,8
51,56
6,8
228,234
56,60
95,102
93,100
22,24
33,40
7,9
8,14
97,102
26,35
61,68
123,130
22,28
6,8
27,33
11,13
130,136
41,47
41,43
10,15
201,208
6,10
59,63
71,77
176,183
32,34
8,15
60,66
6,8
110,115
76,85
2,5
16,18
82,87
280,285
8,10
0,4
75,83
159,166
192,203
143,145
173,181
52,58
310,312
246,256
13,18
140,144
189,191
24,26
47,55
40,42
32,34
152,154
85,93
7,22
0,3
99,104
53,57
23,25
22,28
208,215
27,29
6,12
248,263
6,12
12,14
120,125
7,9
61,63
71,77
6,8
13,18
11,13
21,28
0,3
48,55
8,10
24,26
26,28
0,6
229,231
4,6
164,169
31,33
5,7
15,28
104,110
61,66
21,26
50,52
44,46
58,73
8,10
87,89
70,75
125,131
7,12
9,14
10,12
81,83
181,192
23,29
2,7
5,7
6,20
52,58
6,8
81,88
11,14
57,62
46,48
7,9
46,51
136,141
12,17
134,136
101,108
254,260
152,163
17,24
160,171
10,16
2,7
48,50
15,17
99,101
8,10
74,83
0,5
181,188
0,12
13,15
63,68
9,15
8,10
50,57
107,126
88,93
144,148
0,5
17,19
85,93
26,28
189,196
147,155
7,9
120,122
29,31
60,62
8,10
63,70
6,8
7,14
64,76
195,210
14,16
2,8
34,41
58,60
88,94
14,16
291,298
30,33
2,5
2,7
10,17
5,15
8,10
6,13
252,254
57,59
6,8
29,31
101,108
151,163
9,11
206,213
24,26
14,20
7,9
66,77
113,115
18,23
137,142
37,39
3,5
54,61
322,333
6,8
5,12
138,141
61,67
7,9
36,38
148,159
50,58
22,24
6,8
51,55
2,9
5,14
6,12
20,22
32,34
36,38
30,37
128,130
12,24
30,35
93,98
59,67
82,88
11,15
159,174
0,6
20,22
145,152
84,91
8,10
8,10
52,67
8,10
166,169
7,9
8,10
28,30
6,8
97,99
25,27
130,132
150,156
6,12
20,26
66,73
2,4
5,10
15,20
432,436
13,15
5,10
16,18
9,12
8,10
7,13
2,4
0,2
7,9
48,50
131,133
17,23
101,105
84,91
53,55
114,121
113,119
105,114
113,117
6,8
106,121
36,42
-1,5
13,15
18,20
13,19
20,28
182,184
34,40
100,104
7,19
73,77
221,223
0,4
8,10
113,120
27,34
5,16
2,9
84,91
6,8
6,8
175,177
18,20
7,12
8,10
55,62
161,176
157,165
8,10
6,13
24,26
45,48
8,10
16,18
98,100
232,236
15,17
66,73
95,100
3,8
8,15
7,9
193,204
19,21
33,39
9,15
239,246
55,62
40,44
66,68
242,249
77,82
6,8
203,207
30,37
24,29
71,77
15,19
21,24
12,14
72,78
6,8
15,17
5,10
8,10
190,197
54,60
63,66
33,41
59,69
53,68
237,244
383,389
8,10
76,80
122,129
17,24
71,77
26,33
85,91
7,9
47,52
346,352
267,276
79,87
23,26
140,146
50,56
95,102
0,2
15,24
88,90
87,89
189,191
26,34
120,127
50,57
9,17
8,10
213,217
6,8
183,185
74,81
14,20
48,54
93,100
117,123
22,24
17,19
16,27
24,29
6,8
0,7
46,48
34,37
0,6
131,136
93,95
49,56
11,13
25,31
53,55
60,62
5,7
13,20
6,8
196,200
49,51
95,97
33,38
211,217
71,78
407,410
57,68
48,54
56,58
11,17
22,24
0,3
126,133
56,61
290,292
53,55
118,124
42,44
46,48
113,118
17,24
8,20
25,30
70,81
8,10
11,21
153,160
19,21
127,132
6,8
8,18
67,73
17,19
125,132
12,14
12,18
25,27
85,91
26,28
4,8
6,8
62,69
219,226
22,33
152,159
33,37
23,25
83,91
38,40
77,84
7,13
27,29
82,89
16,21
346,361
14,16
197,204
27,29
2,5
124,131
2,11
13,21
43,45
220,225
12,14
15,19
42,44
59,66
48,52
10,14
5,11
242,248
56,58
9,11
10,12
18,20
20,22
8,10
192,199
8,15
8,10
7,11
8,10
13,15
78,80
10,12
284,289
7,13
144,151
63,68
7,9
6,13
73,75
3,5
37,39
99,106
35,42
27,32
12,14
18,20
229,236
52,54
75,82
63,65
11,13
25,31
45,48
7,9
206,212
18,20
277,283
106,114
8,10
70,75
23,30
252,259
19,21
8,14
2,4
34,36
64,69
10,12
245,252
141,145
154,156
32,34
34,36
79,94
51,62
5,7
177,183
9,14
132,134
136,142
29,35
0,6
129,134
32,34
7,9
31,33
74,78
3,10
130,136
40,52
7,11
19,21
12,14
32,34
34,36
44,55
52,59
6,8
7,13
45,60
46,61
6,8
110,112
2,4
33,39
25,31
150,157
6,8
58,60
12,17
2,5
4,9
59,66
54,56
30,34
115,121
89,92
5,7
111,115
5,10
79,81
51,53
100,106
18,23
8,16
10,12
45,51
15,21
62,68
0,11
149,155
7,13
2,5
48,51
24,26
51,53
259,266
50,61
104,108
44,46
10,12
24,26
21,28
6,8
12,18
13,15
198,205
23,38
8,10
35,50
36,41
98,100
47,49
230,238
7,9
14,16
20,27
0,7
22,37
41,43
16,18
142,147
133,143
7,9
17,19
0,6
17,24
122,128
5,7
39,41
26,28
25,27
264,271
83,85
17,19
14,19
16,21
9,11
14,16
22,24
11,14
6,8
40,42
246,252
12,24
6,8
12,15
48,53
32,38
14,20
55,58
7,9
143,147
47,54
62,64
12,14
6,8
68,75
6,8
180,191
76,83
15,27
12,14
54,56
25,29
31,33
30,32
107,112
20,27
8,10
18,24
454,461
12,14
4,8
12,21
9,14
78,83
7,9
12,14
33,37
284,291
6,8
144,151
42,49
151,161
40,42
16,18
6,8
25,32
74,76
2,5
37,42
6,8
2,5
146,152
54,56
40,42
141,144
7,12
0,2
8,10
164,169
127,131
5,7
35,42
55,60
30,37
80,85
79,85
7,9
10,12
85,87
10,12
7,9
8,10
154,160
9,11
0,7
18,20
26,31
11,13
13,19
26,28
6,8
132,137
212,216
22,24
38,45
5,7
103,109
19,21
8,10
0,2
2,11
211,222
127,133
6,8
184,188
12,18
144,150
0,6
10,12
26,29
8,10
62,69
298,310
60,67
41,43
37,39
2,7
290,301
12,14
6,13
90,92
17,20
48,55
5,7
80,82
22,26
18,20
31,37
150,156
8,10
200,202
6,11
21,23
18,25
185,192
79,82
86,92
44,46
11,17
5,8
12,19
25,27
74,79
121,127
51,58
8,10
22,24
12,14
39,50
23,25
202,207
66,77
19,24
210,216
103,110
8,23
7,9
24,26
12,16
19,24
29,35
15,17
61,68
280,291
13,15
8,10
227,234
33,35
128,135
10,12
20,26
51,57
20,25
6,8
190,197
2,8
17,21
17,22
13,19
101,112
14,16
65,69
105,107
16,18
165,172
7,9
10,12
46,48
64,70
140,155
9,11
19,21
33,35
22,24
164,168
24,31
6,8
157,168
5,7
7,9
10,12
8,10
21,26
8,10
8,10
280,286
43,51
6,12
22,27
30,32
8,10
109,114
12,14
54,59
117,123
335,341
8,10
13,15
97,103
24,26
14,16
135,137
0,12
208,214
115,122
137,143
482,484
98,104
253,255
25,33
54,58
0,12
102,108
20,27
10,12
0,5
9,22
10,14
99,105
21,26
10,12
47,49
7,13
93,95
390,397
340,355
18,29
6,12
103,115
34,39
39,41
35,41
63,68
0,6
295,310
19,21
34,36
125,136
0,8
29,33
53,58
47,55
8,10
39,41
72,79
196,207
44,49
26,34
147,154
15,17
71,82
83,89
113,118
21,23
7,11
59,62
8,10
2,4
30,36
87,94
33,40
197,202
52,58
42,46
44,52
182,189
125,130
12,16
4,11
120,125
296,298
77,84
5,10
90,97
386,392
36,42
25,30
18,30
39,41
207,209
23,25
10,12
0,3
8,15
70,72
32,39
109,115
25,27
119,130
27,33
5,14
10,12
103,105
130,132
6,12
147,159
38,43
98,100
6,11
213,221
72,79
159,170
0,3
24,26
29,31
6,12
139,145
262,268
18,20
77,79
11,13
7,18
0,7
33,35
18,20
12,14
20,22
14,21
27,29
72,74
50,56
75,82
0,3
6,8
44,51
14,16
183,194
8,10
16,18
83,85
19,26
75,80
88,91
7,9
16,18
32,38
51,54
158,164
28,30
115,125
7,18
256,263
15,17
22,26
15,18
127,138
67,74
85,90
39,43
2,7
9,11
8,16
21,23
40,42
99,101
5,10
147,149
81,86
16,23
37,56
5,11
313,319
94,101
378,383
102,105
32,37
35,45
14,16
15,17
12,15
6,8
8,10
6,8
110,116
138,144
171,178
134,142
2,7
47,58
18,24
35,42
89,95
41,43
107,112
98,104
116,131
6,8
64,71
7,12
7,9
10,12
18,23
51,53
38,44
34,40
95,102
79,86
0,3
107,114
45,50
29,31
132,139
53,57
73,80
9,16
67,72
6,8
0,2
93,98
77,82
27,29
35,40
11,22
131,135
54,61
37,39
23,28
47,52
14,23
39,44
122,127
15,22
20,22
56,63
2,4
28,32
11,16
10,13
105,111
12,14
108,116
394,401
219,225
15,17
7,19
34,36
6,8
53,60
68,75
87,94
76,78
85,93
20,22
19,21
53,57
48,50
54,61
48,55
86,89
39,46
21,28
196,203
145,147
27,37
4,11
57,61
7,9
10,16
10,12
54,59
2,4
35,37
0,6
87,93
0,11
348,354
178,180
80,85
12,17
10,12
21,23
52,54
14,16
23,29
4,10
15,16
34,43
79,85
141,143
6,10
10,12
419,425
6,8
13,18
170,176
64,70
7,11
11,15
8,10
0,3
14,19
10,12
91,98
7,9
34,49
80,87
6,8
15,17
20,28
47,58
11,15
59,63
4,9
42,44
339,345
17,19
6,8
92,94
7,9
225,232
119,125
195,201
25,30
8,15
15,17
98,100
43,54
5,7
16,18
105,107
26,33
24,26
11,13
0,6
146,158
8,10
48,50
176,183
0,6
27,29
8,10
0,6
59,61
36,40
183,198
12,16
87,93
20,26
36,43
7,10
14,21
32,34
137,144
0,11
24,26
0,6
285,296
0,3
96,102
27,29
11,13
38,43
6,9
35,43
269,279
277,284
62,64
22,28
145,152
79,83
30,32
20,25
55,62
14,16
111,118
10,12
19,21
0,3
22,24
15,22
31,36
12,18
122,128
71,86
152,155
8,10
11,14
60,67
0,12
100,106
56,67
0,5
26,28
50,57
18,20
31,33
183,190
105,107
204,214
144,150
14,20
14,21
15,21
12,14
48,50
8,10
8,14
132,139
7,9
6,8
184,195
31,37
96,99
5,7
11,17
320,327
41,43
100,111
100,106
10,12
24,32
158,162
15,17
8,10
163,165
183,188
12,14
41,54
64,71
8,10
72,75
9,11
19,21
12,18
54,66
60,63
44,60
7,9
68,75
3,11
88,94
8,15
7,13
5,7
7,12
47,49
81,85
71,78
107,112
113,121
29,31
106,114
154,165
14,18
139,143
119,124
6,8
52,67
78,85
100,105
104,107
208,214
9,12
23,25
47,54
58,65
38,40
6,8
87,93
32,34
209,212
23,25
10,15
6,8
48,54
99,106
11,26
17,23
367,374
276,284
17,22
50,57
26,30
13,15
0,3
21,27
8,10
133,137
27,32
118,126
185,187
219,225
31,35
32,34
27,38
170,175
27,29
28,30
42,44
6,8
23,25
17,25
0,3
179,186
34,41
0,2
0,7
41,52
124,129
0,6
39,46
6,8
9,15
10,12
64,70
95,97
76,83
70,75
6,8
0,6
152,155
0,7
12,14
2,7
81,88
2,5
68,75
8,10
47,53
7,9
24,26
31,37
12,17
84,86
12,18
46,53
22,28
181,188
113,115
33,36
256,267
43,50
149,156
50,56
7,9
0,7
22,29
4,10
9,12
6,12
0,7
79,84
115,126
140,146
104,109
7,9
43,45
313,318
0,14
20,22
108,112
0,12
63,65
39,46
34,40
81,83
107,113
15,22
90,92
266,276
61,67
25,31
14,16
12,14
6,8
171,180
54,56
0,6
52,58
8,10
45,50
276,278
14,16
93,100
4,7
38,40
8,10
7,10
8,10
242,253
25,27
29,31
36,47
80,82
6,8
180,187
133,135
144,151
187,189
0,12
5,11
10,12
53,59
8,10
0,6
127,129
18,25
76,83
75,86
119,126
10,17
88,90
14,16
177,185
72,79
33,40
53,55
6,8
34,45
61,67
18,22
18,20
27,29
17,19
11,13
11,21
19,25
6,8
100,111
111,114
7,14
8,10
0,8
51,53
78,84
167,179
0,3
81,87
115,122
12,14
348,354
14,16
83,85
6,8
169,179
65,72
11,18
36,44
107,114
30,35
24,26
77,84
20,22
58,65
98,105
5,7
23,25
223,228
26,28
51,58
0,6
119,126
80,86
62,68
15,17
21,23
18,20
7,9
6,11
21,23
119,126
147,154
12,14
45,48
121,128
4,6
97,99
123,126
66,70
8,15
6,8
238,245
28,30
8,13
8,10
21,41
13,15
2,4
171,173
67,75
79,90
57,59
11,13
8,10
246,251
33,40
119,127
0,5
2,4
18,20
73,75
121,127
7,9
12,19
0,5
0,6
130,132
6,8
56,64
225,232
10,12
36,42
17,19
97,102
127,129
77,79
153,157
20,28
88,94
0,2
113,118
69,75
174,176
175,181
109,116
5,17
51,58
4,6
42,44
113,120
31,38
37,39
16,19
0,2
6,8
7,12
12,18
54,69
17,19
247,254
57,68
41,43
299,309
35,42
115,121
44,46
53,55
75,83
25,27
86,98
308,315
21,26
42,49
117,123
8,10
16,19
215,222
36,42
0,7
211,214
6,8
119,123
30,35
184,190
16,18
35,37
62,64
68,75
11,13
123,130
218,224
33,36
115,117
450,456
16,18
106,113
16,21
275,279
113,117
11,13
60,65
40,47
248,251
24,26
21,28
70,77
23,30
7,12
42,49
230,238
38,40
89,95
47,54
76,78
12,14
14,16
71,78
102,109
457,464
132,141
2,10
78,84
9,15
119,123
16,23
21,28
76,84
32,39
72,78
33,40
32,34
68,71
140,151
5,7
314,329
18,20
15,30
391,396
5,7
6,14
111,114
25,27
202,208
140,146
20,24
10,12
11,13
33,39
12,19
31,37
5,13
8,10
8,10
250,252
10,14
47,49
73,79
7,9
55,60
27,29
118,125
156,158
24,31
371,377
98,105
63,70
94,100
2,6
6,8
34,40
58,60
9,14
6,8
19,25
78,81
114,119
47,53
0,6
7,9
34,36
21,23
84,90
10,17
111,126
6,8
126,130
0,3
0,5
11,13
8,10
88,95
30,36
49,55
8,10
24,29
8,10
28,30
60,62
52,58
132,138
125,130
198,204
10,12
85,92
148,151
97,103
80,85
35,40
26,35
2,5
195,197
68,75
56,61
19,23
54,62
192,203
6,8
102,108
18,20
81,83
22,24
6,8
39,41
125,127
8,10
36,43
126,137
0,5
27,36
16,18
14,21
35,37
41,43
21,26
81,83
116,123
7,9
6,8
3,5
42,44
96,101
6,12
22,24
26,28
151,158
34,44
107,116
26,28
7,13
69,71
17,22
10,12
7,9
12,14
45,52
11,16
9,11
8,10
0,5
0,6
40,42
18,20
78,88
8,10
0,3
182,193
8,11
86,98
49,59
10,12
7,12
8,10
94,99
12,14
72,80
87,92
16,18
66,76
0,11
26,28
7,13
16,18
31,33
8,10
69,71
0,3
29,31
28,30
154,157
0,6
100,104
101,106
48,60
5,7
64,66
239,255
49,51
5,7
72,79
310,316
2,5
8,15
144,146
53,60
19,21
54,60
53,64
0,4
10,17
188,195
19,21
21,23
50,56
80,87
39,46
6,8
66,73
23,25
86,90
60,68
6,13
32,39
13,20
172,174
14,19
3,5
5,7
18,20
54,61
6,8
14,19
47,54
12,14
159,167
21,23
170,176
8,10
13,15
0,7
8,10
108,123
30,35
16,18
7,9
191,197
14,16
6,12
19,26
9,11
8,10
97,99
24,30
44,46
120,122
65,70
5,12
10,18
117,121
132,138
59,61
79,85
45,47
12,14
17,24
15,20
5,7
26,28
20,31
31,34
120,127
32,36
155,162
0,3
21,27
348,353
10,16
15,17
2,5
32,34
98,102
68,70
7,12
55,57
21,34
63,68
12,15
48,55
95,110
134,139
8,10
129,136
155,162
13,28
8,10
8,16
62,64
6,8
12,14
8,10
0,3
0,2
12,14
276,282
6,8
296,298
182,189
14,16
120,123
55,65
23,29
69,84
80,82
7,9
45,47
8,14
17,22
17,22
39,41
89,97
109,114
21,23
25,30
6,8
84,91
31,37
78,81
61,68
18,20
8,10
8,10
204,214
30,35
0,13
87,94
44,53
97,100
10,12
21,23
130,136
56,61
23,25
40,44
24,26
13,15
55,62
6,8
71,77
6,8
35,41
175,181
9,18
0,3
80,82
81,83
7,19
69,76
12,14
18,24
101,107
40,45
50,52
51,59
15,24
65,70
8,10
0,6
12,14
177,183
28,30
0,3
8,10
6,8
133,135
12,14
3,9
101,108
17,19
51,53
8,10
51,53
6,12
10,12
0,5
7,9
32,39
226,231
15,22
209,211
0,4
13,15
33,43
52,58
7,22
4,10
57,59
17,19
8,10
23,25
315,321
5,11
61,66
131,135
76,87
32,34
12,17
19,22
90,96
162,168
22,24
6,9
7,12
68,70
353,355
113,115
6,8
70,73
7,9
155,165
20,35
25,30
16,18
11,19
364,378
18,21
139,150
12,14
13,21
10,12
0,3
100,106
22,27
31,36
27,29
23,29
99,104
20,22
48,50
10,12
8,10
269,276
15,17
173,179
76,81
33,44
10,21
89,96
0,3
232,239
21,23
0,3
92,94
8,10
7,9
12,14
19,21
60,62
134,138
0,14
200,205
0,2
138,145
31,37
87,89
22,26
6,8
123,130
70,73
68,75
20,25
12,14
5,16
169,189
92,100
48,50
50,52
39,41
0,3
7,12
96,102
25,31
98,100
48,50
16,18
43,45
6,8
36,38
125,134
0,5
28,34
181,188
6,8
247,255
93,104
6,8
101,107
14,20
42,49
98,109
18,24
73,79
15,21
250,256
70,74
118,120
38,40
210,215
93,100
33,39
2,14
312,314
90,97
15,25
4,6
120,125
10,16
23,25
192,198
6,13
6,8
30,37
57,64
0,11
13,15
172,179
10,12
71,81
51,53
5,7
152,158
10,15
26,28
6,8
5,7
158,165
190,201
25,27
53,58
8,10
71,78
11,23
62,65
8,10
108,114
130,132
7,9
79,86
155,161
8,10
0,6
6,8
4,9
90,95
0,7
183,194
0,3
40,46
18,28
7,14
19,24
18,20
45,49
7,12
7,9
26,32
143,149
76,82
142,148
87,94
103,108
15,17
13,18
116,122
28,32
0,4
9,11
56,66
93,99
18,20
118,124
84,91
85,87
134,136
61,67
18,25
33,40
164,169
0,12
90,100
12,14
205,210
6,8
335,342
12,14
4,8
174,181
13,15
131,137
27,29
11,18
0,7
52,57
89,91
15,22
14,16
17,19
20,22
0,3
7,9
70,72
16,18
151,158
71,77
158,165
7,9
0,5
86,98
28,30
70,85
5,7
63,65
91,98
209,211
114,129
12,14
10,12
19,25
12,14
5,7
24,26
152,154
121,131
0,3
72,79
24,26
60,65
0,3
23,25
25,33
12,21
6,8
113,124
38,43
8,10
76,83
17,19
23,37
41,48
49,60
17,28
85,87
91,93
7,13
74,77
61,63
17,23
15,17
13,17
5,7
8,11
96,101
95,101
23,25
5,7
7,18
61,66
5,7
61,66
7,9
22,24
53,55
39,41
81,88
14,16
47,53
5,10
10,12
12,14
8,10
0,7
7,12
75,77
119,123
42,46
2,5
7,12
36,38
6,8
4,17
139,145
245,251
8,10
70,77
28,30
126,133
7,12
96,103
6,8
69,77
94,100
15,17
73,79
69,71
144,150
186,191
98,104
7,14
27,34
25,30
5,7
20,26
0,6
0,6
22,24
41,44
32,39
41,52
109,121
64,69
0,6
202,208
2,6
153,155
0,8
24,30
10,12
6,8
18,20
43,46
210,214
25,28
30,31
15,22
101,108
167,169
37,39
20,25
0,2
8,15
36,40
6,8
7,9
319,325
6,8
19,21
81,88
62,69
3,9
130,133
79,81
67,69
26,28
75,82
20,22
8,10
31,38
3,8
11,13
8,10
107,113
7,10
42,44
25,27
26,33
58,64
134,141
153,161
58,60
8,10
164,171
12,14
37,40
21,23
10,12
79,81
0,5
20,31
170,178
7,9
249,255
8,10
47,54
0,2
164,171
57,63
45,51
9,13
48,52
43,49
98,100
0,12
122,131
16,18
0,6
94,98
8,10
6,8
38,48
114,120
65,70
97,106
8,10
178,189
199,203
46,51
19,25
8,10
127,134
22,24
11,18
22,24
7,9
114,125
74,80
117,120
38,40
27,30
43,49
139,143
25,29
46,52
6,8
101,104
288,294
12,14
190,196
39,45
78,85
0,2
16,18
131,133
98,100
37,44
0,3
59,66
25,27
63,68
57,64
54,58
91,98
326,328
31,37
45,51
86,88
8,23
2,5
68,70
36,43
64,69
14,16
11,14
6,8
179,181
11,13
0,3
5,11
50,52
0,3
12,15
18,24
14,16
21,26
33,39
267,274
0,2
90,101
7,19
23,30
10,12
28,30
6,8
30,32
69,76
49,56
95,102
442,448
47,53
41,48
152,157
114,118
0,2
173,179
12,15
23,43
4,10
0,3
2,5
11,18
92,99
59,64
102,106
206,213
2,5
81,86
81,88
45,52
52,54
119,124
22,24
39,41
2,9
5,7
79,87
25,27
9,24
99,101
8,15
6,8
13,19
38,43
67,71
67,69
8,10
56,63
108,114
13,15
7,9
87,89
35,37
182,184
6,8
39,43
88,90
57,64
20,22
39,41
0,11
34,36
13,15
17,22
127,129
117,121
171,179
68,73
17,23
33,39
127,129
14,18
0,3
13,15
9,14
27,29
9,11
5,12
98,107
83,85
77,79
81,83
10,21
0,5
139,144
10,12
146,151
226,234
26,29
33,38
22,24
229,232
208,219
13,20
5,7
37,39
76,80
64,71
12,14
59,61
0,6
0,2
15,17
41,45
132,137
182,188
76,84
124,126
74,82
173,180
255,261
165,169
18,21
59,65
10,17
6,8
26,28
3,7
30,37
7,13
82,90
8,10
92,98
19,24
29,31
211,213
2,10
59,66
18,20
20,22
52,59
14,16
136,141
8,10
34,42
73,75
23,29
3,5
123,127
8,10
8,10
7,10
18,24
129,136
5,11
18,24
7,9
18,20
32,38
84,86
10,16
22,24
22,24
152,159
19,21
10,12
6,8
6,8
0,4
29,31
27,29
13,18
6,8
19,24
10,12
347,352
14,18
33,37
196,201
0,3
8,10
93,99
105,110
49,61
6,8
235,244
28,33
7,9
139,145
41,46
39,44
15,17
6,8
64,71
0,2
29,31
0,6
7,9
39,45
56,61
69,76
20,27
16,18
126,131
51,58
8,10
38,40
35,37
16,18
112,118
20,25
394,409
51,58
99,106
30,32
12,18
6,11
39,46
93,101
219,223
0,7
8,10
67,74
1,3
22,29
49,51
0,3
46,53
46,53
7,12
79,86
42,44
116,120
15,23
96,103
38,46
3,5
179,185
343,346
10,12
6,8
42,51
6,11
7,14
83,85
8,15
13,15
6,8
62,66
12,14
4,9
40,46
7,9
5,7
7,9
76,78
45,52
16,22
0,6
9,11
27,29
54,61
35,40
140,147
50,54
99,101
31,33
11,14
23,29
15,17
28,30
30,37
0,1
3,5
129,135
96,102
12,18
7,10
46,48
16,19
186,191
10,12
23,25
46,53
50,57
22,27
138,143
5,7
119,130
35,37
12,14
12,21
57,64
27,29
156,163
259,264
169,180
7,9
54,59
38,42
12,15
200,217
3,5
0,3
0,6
89,96
54,56
0,11
0,3
64,70
7,12
169,175
43,45
50,52
106,108
92,98
126,132
17,22
22,27
330,332
58,61
18,20
7,13
33,38
75,79
5,11
80,82
93,95
91,98
30,32
33,36
46,53
41,47
85,90
70,77
8,10
6,8
8,10
16,21
6,8
85,90
34,45
67,76
10,12
20,28
52,55
43,48
210,214
26,30
40,48
5,7
94,99
40,46
73,75
87,95
0,2
18,25
58,65
0,4
29,31
22,24
138,142
25,30
26,28
2,8
60,62
97,104
130,136
31,33
2,7
79,85
379,384
10,12
5,10
8,10
118,120
158,164
0,5
32,37
0,7
8,10
77,88
0,5
17,32
73,80
6,8
47,54
106,113
14,16
75,82
24,26
23,28
27,31
31,33
16,18
15,17
118,125
0,5
8,10
207,210
55,61
8,10
158,165
195,208
6,8
9,17
70,77
321,328
16,18
32,38
344,346
175,181
73,80
28,30
5,16
15,23
61,66
184,190
62,64
10,12
62,66
105,108
111,114
190,197
6,8
91,97
7,13
6,12
40,42
123,129
6,8
176,182
58,60
81,83
64,69
12,17
88,90
2,6
65,70
52,54
10,15
44,51
13,15
442,447
38,40
2,5
20,29
63,74
43,45
0,14
190,195
9,16
36,44
456,463
242,247
12,14
38,40
0,7
18,30
30,35
18,25
14,25
44,46
11,13
38,42
10,12
61,63
8,14
6,8
28,34
2,5
0,7
80,89
57,59
28,30
334,344
31,35
7,17
8,23
44,46
10,12
342,346
77,81
98,103
8,10
49,53
6,12
147,157
32,39
12,14
392,399
17,19
19,22
65,67
6,8
176,178
128,135
14,19
42,44
8,12
188,191
6,8
23,30
29,33
97,108
51,56
7,9
58,62
17,19
5,7
25,29
75,79
46,53
24,31
21,25
32,34
31,37
4,14
19,21
8,10
74,79
7,9
36,41
10,12
21,26
8,15
93,95
8,14
7,12
33,38
9,11
60,66
8,10
2,4
6,8
8,10
0,7
171,178
174,179
57,59
240,247
54,56
96,102
179,185
51,59
31,43
13,15
153,155
0,3
7,10
14,16
13,15
26,28
218,224
218,224
0,7
32,37
60,67
40,47
19,26
8,14
8,10
25,36
45,47
5,7
12,14
55,57
6,8
110,117
0,6
136,141
63,65
35,37
14,16
10,12
0,2
13,20
6,8
115,125
0,3
28,30
202,213
23,28
202,208
33,35
7,9
45,51
31,38
112,114
4,9
47,58
8,10
88,96
21,23
19,27
37,39
20,24
12,14
44,60
8,10
40,42
81,85
5,14
18,20
129,135
0,2
71,74
15,17
10,12
9,13
102,113
107,109
0,3
56,62
151,155
163,168
106,113
20,27
32,35
152,158
6,8
123,128
17,23
80,87
202,209
52,58
0,3
14,16
40,42
36,37
33,35
8,10
48,54
32,39
0,4
126,133
0,8
14,16
93,100
0,3
56,71
202,204
28,32
0,3
6,8
190,196
138,140
12,14
52,60
130,132
217,224
17,23
6,8
8,10
39,42
164,166
9,11
215,225
408,414
26,28
7,9
0,15
13,15
22,24
169,171
28,34
19,30
47,52
174,176
48,53
288,293
31,33
12,14
0,2
48,50
6,8
10,14
27,29
16,18
16,20
164,171
42,49
86,93
31,33
116,122
69,71
0,3
219,229
44,51
34,36
53,59
19,21
6,8
173,180
7,9
5,7
58,60
142,148
56,61
320,328
79,84
37,44
33,39
48,53
28,30
16,21
33,35
12,19
18,25
134,141
105,112
88,94
7,9
47,53
115,117
301,311
19,26
85,91
12,18
129,140
66,71
47,53
25,27
12,14
10,12
0,2
98,100
55,61
5,7
44,51
34,36
60,68
72,74
17,19
33,39
79,85
10,14
62,69
5,16
49,51
72,77
33,39
19,21
20,22
0,6
74,81
62,69
24,31
7,12
19,26
2,5
193,208
271,277
21,25
47,49
111,119
51,58
131,138
62,69
87,93
14,16
80,86
22,24
14,16
294,301
18,20
8,15
89,93
10,16
18,20
8,10
8,13
58,61
176,186
134,142
18,20
14,16
12,15
7,9
0,12
53,57
110,112
64,67
0,2
18,20
79,87
7,9
152,158
14,16
31,37
47,49
8,10
11,16
10,13
28,30
24,26
40,42
37,43
67,77
2,7
6,8
53,60
0,3
6,8
12,14
36,42
320,327
73,75
56,63
8,10
31,33
28,33
2,4
2,4
5,7
11,13
89,91
40,47
154,159
38,40
17,19
36,38
8,10
39,46
116,131
51,58
7,16
92,101
6,11
8,16
6,9
15,17
13,15
159,170
8,10
310,316
37,44
59,62
8,10
160,167
64,69
10,19
12,19
8,10
76,79
44,46
6,8
39,41
255,261
303,314
99,104
37,51
40,42
11,13
13,15
121,127
0,12
59,69
7,9
8,10
98,103
42,49
14,16
13,15
55,66
2,4
4,12
44,51
21,26
76,78
8,10
32,34
8,10
81,88
25,27
108,114
210,217
20,22
14,18
5,12
15,22
7,10
62,68
8,10
86,94
285,293
28,30
19,24
125,131
22,37
50,52
16,20
6,8
46,52
136,151
81,87
14,16
45,47
11,14
9,11
12,18
8,23
8,10
58,69
330,332
8,10
34,40
12,14
62,64
36,41
37,42
72,75
18,20
104,106
27,29
34,41
12,14
8,10
13,19
18,23
159,161
38,45
224,231
27,30
27,29
8,10
81,88
136,138
14,21
8,10
0,2
79,86
12,14
4,10
0,6
2,4
23,29
10,26
0,3
25,39
217,221
39,41
10,12
9,11
106,114
126,133
40,42
8,16
133,138
58,62
98,106
66,68
118,125
32,40
36,42
263,270
16,18
19,21
267,278
222,228
10,12
8,10
9,11
106,113
10,17
66,74
127,134
19,24
8,13
24,26
75,82
99,101
58,60
86,88
28,35
114,120
0,3
11,14
92,100
44,46
28,30
14,19
94,96
56,58
72,74
9,18
10,12
269,274
10,15
143,145
25,27
10,12
90,97
160,178
221,227
5,7
8,10
0,15
12,14
27,34
38,40
31,33
47,54
31,37
15,26
153,160
16,18
85,87
63,65
18,20
79,81
67,69
39,41
48,50
2,8
63,69
64,66
27,29
39,46
39,45
36,38
7,12
50,55
2,6
103,111
17,23
306,312
0,6
35,44
0,7
54,59
121,123
29,37
8,10
8,10
8,11
13,15
53,55
23,25
51,57
79,83
8,17
14,21
72,77
96,99
75,83
31,45
64,71
148,154
49,55
120,126
61,68
97,99
82,89
222,228
62,68
22,27
12,14
53,56
167,171
0,3
12,14
109,117
13,15
14,20
35,42
90,96
23,25
33,35
106,113
13,15
43,45
13,21
10,12
15,17
26,28
89,99
68,74
8,10
19,21
96,98
43,45
43,51
92,97
42,44
160,162
93,105
8,10
173,176
28,30
31,33
267,273
34,36
47,49
12,14
29,37
13,16
6,8
91,98
7,9
18,21
364,378
88,90
215,221
80,82
7,9
127,134
0,6
17,23
47,49
16,18
12,14
54,60
79,86
79,86
22,31
0,2
0,5
0,3
7,9
2,5
16,21
46,52
6,8
22,27
6,8
42,46
8,10
346,352
90,94
56,61
52,62
29,39
50,55
83,85
58,68
186,188
258,273
12,14
55,61
13,15
54,60
30,36
150,157
5,9
70,81
161,166
67,78
89,95
32,38
23,25
0,5
61,63
171,177
455,457
8,10
465,473
70,77
100,102
104,109
2,7
44,51
5,7
45,47
9,14
7,9
13,15
6,8
10,12
74,81
7,9
8,14
101,103
8,10
145,147
62,64
414,420
0,3
87,89
71,77
92,98
156,161
7,13
18,20
3,5
82,87
41,45
131,136
54,60
49,56
59,70
33,38
8,10
42,44
24,26
28,30
10,13
8,10
184,190
47,58
65,71
90,94
17,19
111,116
32,34
9,11
5,12
384,390
6,8
131,137
0,3
0,12
17,19
238,246
63,65
105,117
25,30
6,11
67,69
21,23
217,224
92,95
81,83
54,61
10,12
170,173
28,30
24,27
18,30
162,168
6,8
93,99
5,7
16,18
25,27
16,18
0,6
23,30
2,8
52,59
57,59
0,4
129,137
7,9
77,83
63,70
18,24
127,129
26,31
7,9
15,17
6,8
6,8
8,10
12,14
69,80
92,97
49,51
19,25
20,25
130,136
49,55
105,111
46,54
30,32
30,36
57,62
173,188
0,3
219,226
0,3
0,5
180,186
105,112
76,83
2,7
84,91
162,164
6,8
8,10
6,8
148,150
4,6
33,35
2,4
7,18
76,86
14,16
30,37
339,344
62,64
115,121
0,3
7,9
2,4
248,250
26,28
18,23
181,187
16,19
129,136
50,56
36,38
29,31
187,192
115,121
8,10
8,10
34,39
2,4
57,65
30,33
7,14
39,41
24,26
11,16
140,146
97,104
47,52
2,4
36,41
154,156
66,68
172,174
137,148
57,62
13,15
102,108
17,19
23,25
145,152
6,8
8,10
4,9
0,6
200,206
183,185
106,112
65,77
17,19
7,9
107,113
350,365
0,10
107,118
4,10
152,154
13,15
6,9
0,6
11,13
16,18
40,46
100,106
154,157
13,15
6,8
15,20
89,94
40,47
11,16
8,10
61,68
49,56
20,22
8,10
73,81
10,12
20,23
6,8
8,10
35,42
6,8
25,27
118,129
10,12
64,72
45,47
96,102
6,9
89,96
2,12
8,12
68,74
153,156
21,23
64,70
7,9
117,123
10,12
7,9
72,79
34,42
6,8
7,12
86,97
6,8
27,31
60,66
52,59
206,212
6,8
204,206
89,91
94,101
226,231
8,10
73,80
40,47
28,30
296,300
6,8
0,3
74,79
19,24
89,97
79,84
35,40
5,9
11,13
43,54
26,32
11,13
34,46
6,8
40,47
26,32
67,69
7,13
40,42
7,9
12,14
29,44
25,28
0,2
181,188
0,11
2,4
90,95
154,160
54,60
7,19
54,61
17,19
35,47
107,112
25,30
8,10
5,7
9,21
8,10
14,16
66,72
2,4
7,12
101,103
15,21
0,2
100,109
69,71
108,115
84,90
14,21
43,45
4,10
227,233
0,11
25,30
15,22
48,50
34,40
16,23
189,195
0,3
2,8
30,37
8,10
5,8
25,27
23,27
118,128
9,20
272,275
168,175
30,32
38,40
10,12
156,163
2,7
12,14
2,4
13,15
6,8
26,28
38,47
101,105
93,101
59,65
18,23
7,10
8,14
6,8
24,30
6,8
0,3
62,68
7,12
169,180
71,73
11,13
0,2
7,9
181,186
328,330
10,12
57,63
12,14
90,93
91,102
19,26
3,12
0,3
181,187
23,25
8,10
8,14
8,10
12,14
124,130
40,47
10,17
74,80
405,412
5,8
8,14
88,90
78,83
36,43
180,185
26,32
13,18
56,63
34,41
28,30
160,169
20,33
70,72
68,70
97,102
75,80
2,8
0,6
53,64
47,52
154,156
27,29
95,106
130,133
86,97
8,10
34,36
152,154
26,32
95,100
7,10
45,47
52,54
43,45
9,20
93,94
15,17
6,8
51,53
17,19
24,26
107,113
10,14
13,15
38,43
323,326
120,123
110,116
42,44
8,10
79,81
124,131
0,6
6,8
5,8
78,85
2,10
39,41
112,114
42,49
18,20
6,9
98,104
21,32
6,12
48,59
89,96
291,302
2,5
141,146
12,20
54,61
37,39
19,21
5,7
96,98
34,49
10,12
13,20
20,24
0,6
10,12
66,73
5,7
7,9
7,18
104,112
368,373
25,41
26,32
57,64
134,145
2,8
17,24
10,12
27,31
72,76
91,100
71,74
65,72
46,60
7,10
5,10
55,57
145,152
106,112
21,29
4,9
15,17
7,9
17,19
0,6
252,256
71,73
67,69
6,8
59,64
48,55
24,26
99,106
14,16
126,128
151,158
137,142
68,75
27,29
102,109
67,72
176,178
5,7
8,10
5,22
60,66
6,8
118,124
59,65
0,3
91,98
74,81
71,76
77,85
8,10
8,10
112,118
27,29
36,43
85,87
132,139
147,149
30,32
8,10
179,185
30,37
57,59
78,83
169,177
0,3
6,8
168,170
103,110
136,150
42,46
19,22
110,112
95,101
20,22
15,20
15,17
8,14
64,70
167,172
47,49
428,440
9,11
211,218
56,58
21,26
69,76
97,112
24,31
164,169
21,23
22,28
41,43
4,10
58,62
10,12
56,62
9,11
18,20
53,55
16,21
0,2
7,9
77,88
8,10
6,8
6,8
17,24
331,338
13,21
8,10
80,82
18,26
378,389
45,50
8,14
53,55
39,43
169,176
41,48
64,66
42,50
124,130
26,31
178,185
21,28
38,45
18,20
81,85
13,20
207,212
9,11
8,10
8,10
143,154
61,66
15,17
66,73
124,139
45,47
5,8
4,6
26,30
218,224
5,7
52,59
44,52
60,67
21,23
5,7
12,18
69,75
17,21
68,75
17,19
3,9
6,8
76,91
24,27
42,48
31,38
4,6
0,7
192,199
247,252
50,53
12,14
14,16
103,109
7,10
59,62
6,8
210,217
107,114
82,88
45,61
59,61
331,339
29,31
105,107
41,48
127,134
10,25
57,59
27,34
14,16
148,155
41,43
27,32
19,21
324,330
187,190
5,8
29,31
85,87
6,8
8,10
50,57
70,75
26,33
78,84
7,12
8,10
49,55
155,162
43,51
2,6
198,202
0,3
88,94
5,11
8,10
74,79
22,33
2,8
17,24
32,36
181,188
17,19
54,61
23,27
29,34
352,357
2,4
4,7
25,27
92,98
0,6
8,10
11,14
11,13
46,48
18,20
54,56
9,11
79,87
7,9
8,10
45,50
0,5
90,97
10,12
212,218
29,34
71,73
60,62
0,6
50,52
39,54
8,10
23,25
128,134
0,5
34,40
96,99
2,7
13,17
54,56
190,192
91,93
8,10
0,3
113,118
353,357
21,23
9,15
136,138
178,180
53,58
44,47
7,14
100,102
22,24
0,3
11,13
24,26
79,85
112,114
205,215
16,18
36,48
5,15
27,29
83,90
102,112
6,12
16,22
7,9
2,7
35,40
67,73
318,327
0,2
139,141
103,111
10,12
5,8
2,5
44,46
10,12
20,31
49,51
14,18
119,121
7,11
51,58
89,107
7,15
199,204
27,32
17,20
65,67
37,42
57,59
7,9
17,19
156,158
67,69
0,7
12,27
6,8
10,12
88,90
166,168
17,19
123,130
118,129
8,10
39,41
59,61
10,12
8,10
6,8
74,76
38,40
109,111
6,10
201,205
6,8
26,31
73,77
134,140
216,221
36,41
43,47
29,35
150,157
123,129
7,9
10,12
0,2
8,14
286,292
47,50
39,41
11,18
74,81
149,156
178,183
8,13
87,93
8,10
164,167
2,5
104,111
31,33
164,166
57,63
50,56
50,52
67,69
14,19
16,23
33,38
16,18
7,9
12,14
18,23
174,185
33,35
8,17
10,16
55,57
80,87
0,8
160,171
42,44
252,258
133,143
0,10
68,74
64,66
17,22
29,35
124,135
92,99
0,12
129,136
68,74
342,357
2,7
24,31
0,5
17,19
135,139
71,76
39,41
202,204
114,117
276,282
25,31
133,138
14,22
7,9
88,90
272,274
44,46
106,113
211,216
6,8
36,42
0,3
57,64
163,169
140,146
0,6
65,72
56,61
8,13
70,72
48,53
12,14
23,28
19,21
171,178
49,54
29,31
108,115
12,14
23,25
155,162
8,10
9,11
7,9
13,18
95,100
0,3
7,9
0,2
98,104
14,16
0,6
16,24
172,178
125,140
52,58
0,3
13,15
36,41
87,102
7,9
8,12
10,12
2,4
48,50
13,17
2,4
89,91
50,52
6,12
127,138
182,188
88,90
2,5
2,7
89,95
15,22
74,82
8,10
47,54
38,41
26,28
49,55
31,35
37,39
80,82
9,15
6,9
85,90
12,18
0,4
130,137
209,215
24,26
98,100
22,29
0,4
283,294
24,30
6,8
33,38
1,3
209,211
5,7
160,162
46,52
44,50
135,142
15,26
168,170
6,13
0,5
7,9
20,27
4,19
20,22
80,83
4,9
8,12
3,5
23,29
6,8
24,26
214,220
8,10
10,13
20,26
0,12
13,18
199,206
25,30
31,41
41,48
2,4
49,56
56,63
142,146
35,37
8,10
6,8
99,102
74,76
229,240
15,17
5,7
89,97
81,88
10,18
15,17
5,7
83,95
37,42
27,38
115,126
45,50
6,20
25,27
50,57
205,213
2,5
250,256
278,293
159,166
50,57
36,38
177,181
115,121
0,2
2,4
93,95
52,58
23,29
46,48
99,105
12,14
26,29
10,12
47,55
0,7
9,14
0,8
0,7
16,18
54,60
32,34
36,38
8,14
36,39
66,68
37,39
125,131
2,5
11,13
86,89
6,8
22,28
15,21
116,123
41,44
7,12
32,37
104,111
22,24
118,123
58,60
42,44
0,6
18,20
95,100
62,64
66,69
96,102
37,39
8,23
29,31
25,27
93,98
62,69
100,107
10,12
31,33
2,4
19,27
93,95
15,17
91,98
104,109
81,83
20,26
8,10
18,20
183,189
4,9
10,12
161,172
200,206
41,44
160,167
41,52
36,38
117,126
2,5
218,220
2,4
7,12
8,10
0,2
12,14
148,151
7,13
129,137
17,23
192,199
27,31
24,26
8,23
38,49
0,6
125,130
12,14
276,278
90,94
8,10
145,149
73,88
26,28
26,32
0,2
105,108
273,276
9,11
0,4
44,46
29,31
59,61
17,24
21,23
18,22
24,26
80,82
7,17
114,121
30,41
8,23
46,53
12,19
338,345
17,22
252,259
67,72
15,21
8,10
24,31
20,27
18,20
132,139
23,28
0,12
7,13
12,14
8,15
33,38
67,74
5,7
77,79
62,64
111,126
0,4
3,10
2,7
46,51
171,175
8,10
8,11
87,92
27,34
106,111
126,128
80,82
128,139
97,103
12,14
35,37
141,148
63,69
162,167
62,69
32,39
13,18
61,64
188,190
0,6
41,43
136,142
64,75
6,8
10,12
138,145
22,37
8,10
35,40
14,16
44,46
30,35
13,15
18,25
110,115
288,294
8,10
8,10
46,48
5,7
42,49
199,203
169,171
27,29
20,28
90,97
102,105
25,28
34,36
119,121
97,99
180,182
13,18
0,4
15,22
22,27
64,66
0,11
14,16
200,204
6,8
22,29
6,8
7,9
4,9
20,26
8,10
27,34
6,8
34,36
35,37
136,141
5,10
39,46
6,8
47,57
245,247
114,118
77,84
137,141
2,10
45,51
29,31
6,8
21,23
165,176
10,24
103,109
14,29
41,43
0,7
293,308
243,252
254,260
255,260
67,76
15,22
67,74
0,3
292,303
15,21
10,17
11,13
21,23
107,111
0,6
0,3
129,135
164,171
20,27
6,8
164,172
4,7
23,25
124,131
19,22
42,47
242,254
125,132
79,86
9,17
2,5
37,39
5,8
55,61
2,4
6,8
90,95
77,84
127,129
87,93
10,12
36,38
2,6
8,10
51,54
94,99
0,2
6,8
10,12
68,75
49,55
109,116
61,66
15,26
33,40
102,104
6,9
75,77
153,157
64,69
0,5
148,150
0,2
89,96
275,281
0,2
103,110
261,263
179,182
140,146
45,60
104,106
33,40
57,61
24,31
106,112
10,12
8,10
50,52
18,22
104,111
155,157
6,8
91,98
0,5
2,7
37,39
25,27
71,75
31,43
43,45
7,9
97,112
10,15
6,8
2,4
51,59
31,33
23,25
37,45
174,182
303,305
22,27
71,78
6,17
29,31
6,8
92,97
53,64
7,9
25,27
97,103
119,126
72,78
2,5
43,45
0,6
8,10
8,10
113,123
14,16
17,19
112,117
34,41
6,8
13,19
33,35
21,28
131,136
102,104
55,64
28,33
25,27
29,31
331,337
6,8
298,313
81,88
5,11
6,8
0,5
16,18
12,14
84,86
99,101
36,43
6,8
118,120
120,126
8,10
32,37
7,18
63,68
184,191
60,62
130,138
101,109
59,62
26,28
116,122
12,19
372,376
115,126
73,75
313,319
5,7
10,12
6,8
46,48
2,8
6,8
20,22
20,25
25,27
18,20
19,21
17,19
4,9
0,2
75,78
212,219
42,47
6,8
6,8
123,125
13,15
189,193
178,185
67,73
71,78
13,15
18,20
41,47
18,20
136,142
156,161
0,11
43,51
15,20
18,20
6,8
121,123
104,115
28,30
90,97
35,42
2,7
186,188
7,9
49,56
71,73
10,12
87,94
76,84
39,46
8,10
15,17
102,109
107,112
6,8
62,66
24,30
76,78
118,125
74,80
87,94
48,50
164,175
23,25
107,117
87,93
6,8
6,8
45,56
6,11
57,59
278,284
2,5
5,10
103,114
17,20
8,10
6,18
25,36
11,13
18,20
0,6
35,38
9,11
43,49
58,64
25,27
44,49
48,50
338,342
2,5
15,17
6,8
25,27
112,118
12,17
45,49
0,3
63,78
14,16
28,33
90,100
81,87
95,110
95,98
23,25
57,65
91,100
34,36
6,8
23,30
23,28
5,7
88,90
6,8
34,45
0,3
14,16
6,8
7,9
46,48
31,33
115,117
27,29
10,14
21,23
21,23
281,287
8,10
37,45
166,176
8,10
10,12
115,129
160,170
180,186
2,4
2,10
18,20
53,65
8,10
75,77
10,12
64,69
92,97
112,114
12,14
122,129
204,207
106,112
26,28
0,6
18,25
23,25
76,82
32,34
36,38
6,8
0,7
8,10
11,16
11,13
10,12
25,27
45,56
112,119
6,11
18,20
0,3
139,150
139,145
234,241
276,282
179,183
6,8
6,8
102,107
286,292
18,22
0,3
231,233
30,38
0,6
66,68
30,32
123,128
133,144
281,292
45,47
6,8
8,10
7,9
41,43
199,210
0,3
415,422
11,25
47,49
0,4
123,130
143,150
35,37
69,72
32,38
2,5
8,10
66,73
2,13
8,14
19,24
313,320
17,19
121,132
7,9
11,16
6,12
47,52
97,107
113,125
139,143
7,18
206,211
43,48
29,31
257,259
47,49
11,13
157,162
150,157
101,104
0,5
231,237
0,3
52,56
104,110
131,138
27,35
26,28
71,78
21,26
137,144
12,14
93,99
3,8
80,82
63,71
94,100
7,9
27,32
123,129
72,76
9,11
111,116
2,9
0,2
188,193
7,12
65,70
129,131
23,35
182,185
32,34
33,37
23,30
38,40
22,24
41,48
8,10
12,14
0,12
21,28
153,157
38,40
6,8
12,14
29,31
2,4
220,226
62,72
6,8
14,16
8,10
4,9
22,28
18,20
14,16
6,8
7,19
76,78
19,21
14,16
0,6
18,20
83,85
10,16
111,117
307,311
104,106
7,14
8,10
12,14
8,23
203,205
63,69
6,8
54,65
29,37
102,108
6,8
229,236
41,47
5,16
59,70
95,99
28,39
20,26
93,104
118,124
4,10
8,10
14,16
32,39
153,155
237,244
7,9
12,14
7,9
10,15
130,135
59,61
315,326
57,59
88,90
201,209
236,251
68,70
155,163
56,63
9,11
98,108
13,18
101,112
271,280
5,7
32,34
87,89
57,62
47,49
0,2
15,21
10,12
7,9
24,31
7,9
27,29
209,216
6,8
60,62
0,4
25,32
153,159
203,207
155,166
44,49
6,8
37,39
59,65
13,15
34,36
63,70
83,89
181,188
24,26
48,50
47,58
32,38
89,100
12,14
14,16
0,3
72,75
12,14
12,14
58,65
71,77
57,64
10,15
209,211
4,9
29,31
14,18
15,17
7,9
63,65
36,43
162,171
31,33
92,95
58,65
252,258
6,14
66,74
2,9
173,179
8,21
10,12
21,23
11,18
13,15
21,24
155,157
0,12
58,61
322,332
0,6
27,37
317,322
3,5
12,14
20,25
92,97
51,53
33,35
23,28
11,13
312,320
11,16
55,57
107,113
6,8
95,102
223,234
10,12
65,76
12,14
153,162
0,3
199,208
204,206
0,2
125,127
8,10
24,28
32,41
116,123
19,21
12,18
7,11
34,36
45,47
11,20
11,13
79,90
108,115
4,10
47,51
76,78
41,48
14,18
52,59
6,8
37,42
16,23
215,221
71,73
35,37
134,141
198,205
6,8
41,48
41,48
350,361
5,7
107,109
10,12
13,15
48,58
11,13
305,320
9,16
55,62
65,72
13,17
162,168
8,10
15,17
5,14
183,187
122,129
26,31
44,51
7,9
99,103
12,16
296,302
6,8
71,73
0,5
40,46
33,35
7,13
19,21
230,236
73,78
5,9
36,47
6,8
99,110
39,42
199,206
9,13
135,137
49,51
76,78
18,20
30,37
58,65
26,28
173,180
42,49
0,5
6,13
32,39
18,20
10,12
36,38
35,47
51,55
55,57
7,14
8,10
175,182
9,16
5,7
6,11
8,17
102,104
2,4
362,364
27,32
76,83
7,9
16,21
6,8
67,74
72,82
40,42
35,37
17,19
44,51
210,214
17,19
130,145
125,131
0,3
6,8
12,14
176,182
0,3
8,10
88,91
0,2
2,4
17,22
16,28
24,31
159,166
22,24
66,69
21,23
148,154
14,17
13,19
6,8
10,12
37,39
0,8
5,7
4,9
8,10
8,15
6,8
7,9
7,9
25,32
74,79
84,92
84,91
3,5
100,110
335,341
6,8
41,48
129,136
13,20
33,35
45,47
115,123
128,135
8,10
199,202
82,88
0,3
146,157
0,7
7,12
6,8
423,430
43,45
294,302
48,50
27,32
75,90
6,8
86,88
102,110
91,102
95,97
95,101
291,297
37,43
8,10
18,23
323,329
30,35
6,8
21,27
26,31
100,111
35,42
46,49
184,194
53,60
67,73
14,20
68,75
6,8
213,217
134,136
5,11
57,61
62,68
169,175
6,8
89,96
43,45
8,10
33,35
14,16
8,10
64,66
12,14
18,20
250,255
43,48
206,212
34,36
27,29
70,75
96,98
82,84
12,14
6,8
12,14
101,103
79,84
8,10
116,120
28,31
83,89
7,9
18,20
90,94
8,10
13,15
9,11
151,163
21,23
240,251
31,40
26,28
64,67
58,65
59,67
10,12
2,13
75,77
44,46
10,12
9,11
12,14
105,112
7,9
8,10
15,19
98,103
7,11
11,14
45,50
47,54
39,43
53,62
6,17
49,52
140,146
29,34
0,11
63,68
8,10
6,8
164,175
19,21
89,95
8,10
8,10
18,21
34,41
139,146
128,134
17,19
5,9
7,9
24,26
198,202
33,38
159,165
6,8
13,18
43,52
107,109
8,10
67,69
17,23
11,17
48,55
7,9
28,30
31,33
275,286
34,40
27,33
215,217
44,46
34,36
109,115
8,23
0,5
23,30
123,129
18,20
50,52
17,22
0,3
0,2
51,57
36,38
0,2
67,69
10,12
20,22
21,23
21,23
100,102
7,10
13,18
22,24
92,98
65,76
17,19
34,41
31,44
0,3
63,70
131,138
10,12
7,9
5,14
14,19
168,180
55,58
5,7
2,5
64,70
7,12
6,8
94,102
163,168
142,144
38,45
13,15
120,132
124,135
50,52
30,38
41,48
255,263
14,16
31,36
251,258
111,127
8,10
7,9
24,26
0,5
5,7
2,4
96,103
167,175
71,73
36,49
6,8
39,45
14,16
15,27
0,7
11,17
30,32
304,311
173,176
20,31
90,97
17,20
45,52
193,199
8,10
100,105
140,143
144,155
0,12
29,31
46,50
6,8
10,12
26,32
107,115
125,137
318,326
112,118
83,90
84,86
52,59
36,43
27,29
14,16
84,87
29,31
83,91
98,106
66,75
0,5
253,259
5,7
26,28
156,158
14,16
46,48
48,52
13,15
122,128
124,128
44,50
74,76
6,8
11,14
38,53
0,6
0,3
133,140
162,169
350,361
14,16
40,52
36,51
13,15
187,201
37,46
42,44
6,8
23,28
239,246
33,35
88,95
12,14
82,84
41,48
6,8
188,193
85,92
18,24
42,49
7,9
29,35
166,173
43,45
93,104
25,27
50,62
35,40
6,8
239,254
6,8
200,208
65,67
51,53
53,59
7,12
62,69
110,114
44,47
28,30
270,276
2,7
56,61
133,137
6,8
9,11
70,80
68,70
27,34
13,20
54,59
223,230
44,60
18,25
6,8
125,131
12,14
7,9
59,61
90,97
33,38
210,216
25,31
127,133
7,9
98,104
100,106
190,197
19,26
8,10
7,9
53,65
48,55
125,127
6,8
44,46
71,73
25,29
90,92
76,78
84,86
9,13
8,10
119,127
119,124
7,9
32,39
24,28
6,13
87,92
13,20
13,18
0,5
8,12
0,6
5,12
9,11
22,27
14,16
20,26
74,76
25,30
21,23
28,35
8,10
27,31
6,8
136,143
172,174
114,120
44,46
125,131
60,65
0,3
95,101
5,7
321,331
24,30
7,9
141,148
14,16
0,8
0,3
56,58
1,3
14,16
109,118
8,10
0,6
54,59
0,7
261,269
7,9
6,8
96,108
0,2
303,309
23,25
3,5
2,5
0,8
0,6
54,56
18,23
28,35
56,58
10,12
7,14
64,69
33,36
5,7
51,58
54,60
8,10
0,7
123,134
34,36
7,11
114,119
7,9
63,68
32,38
68,70
0,5
31,33
38,53
6,8
15,17
6,8
96,98
2,9
51,56
86,96
6,13
25,28
13,15
276,283
35,37
43,45
6,8
11,15
12,14
39,46
48,55
2,12
41,43
84,89
231,236
18,34
27,30
52,54
24,31
9,20
35,42
5,7
31,33
104,106
6,8
28,30
54,58
5,7
0,2
66,68
71,76
23,25
52,54
143,145
6,8
159,173
26,28
67,69
66,74
10,12
32,39
52,59
126,132
5,10
27,29
30,32
6,11
166,168
170,172
2,7
17,23
23,25
154,161
6,8
5,7
52,64
9,16
28,30
12,19
240,245
13,15
34,36
105,116
3,18
5,7
19,34
72,74
57,68
7,9
136,143
29,35
43,45
5,7
25,32
133,135
266,272
316,322
6,8
6,8
15,17
219,230
24,26
71,74
34,36
6,8
55,58
36,38
5,7
150,156
45,47
23,30
51,58
17,24
18,20
16,20
113,119
16,21
3,8
35,37
27,34
53,55
59,70
4,6
100,107
20,25
31,35
6,8
70,72
38,44
7,11
12,14
35,42
9,12
8,10
0,6
6,8
14,20
41,43
78,85
146,148
199,201
222,229
8,10
9,11
118,128
6,8
11,16
144,149
6,13
51,59
27,29
20,29
103,105
94,105
54,61
24,26
35,37
13,18
51,57
154,161
7,9
9,16
32,39
0,6
6,8
0,6
0,5
26,28
14,26
114,118
136,143
61,68
15,17
19,26
3,5
60,66
27,34
32,38
168,175
8,10
11,16
8,10
8,10
70,77
16,23
41,43
151,156
19,21
107,111
65,67
6,13
8,10
56,58
7,12
317,332
25,27
0,6
35,37
60,67
6,8
21,25
12,14
51,53
52,58
2,4
0,13
29,36
94,96
189,196
22,24
44,49
16,18
17,24
22,28
2,5
45,51
136,140
133,136
163,167
163,169
21,26
0,6
112,119
135,142
77,82
53,59
55,57
17,22
55,69
17,19
6,9
8,10
44,49
35,42
0,7
25,27
75,81
7,9
46,54
0,5
12,14
111,117
78,80
87,89
88,90
2,9
63,69
43,50
94,101
32,34
7,9
8,10
117,121
136,143
50,57
117,124
14,16
54,61
20,27
18,20
8,10
26,32
45,47
70,75
7,14
9,15
103,110
123,125
13,15
17,24
7,9
84,89
16,28
172,174
21,28
44,51
291,306
0,11
12,15
6,8
14,19
4,9
24,29
42,46
22,24
59,61
4,8
118,124
117,124
87,93
61,64
11,26
155,165
12,19
10,15
44,46
133,140
36,43
44,53
6,8
16,18
14,16
124,129
112,122
8,10
8,10
101,103
55,61
57,68
58,60
119,130
160,166
11,13
82,93
34,36
16,18
12,18
77,82
